9999 0 0 0 0 0 0 0 0 0 0 0 0 0 0 0 
9999 349 554 752 326 684 973 1188 340 828 1233 1513 373 922 1547 1962 
9999 333 523 620 254 719 1001 1285 422 1040 1337 1770 599 1452 1990 2602 
9999 171 271 307 76 346 455 711 246 728 1009 1507 273 771 1227 1784 
9999 236 262 290 138 398 672 741 386 810 1111 1199 567 1193 1572 1892 
9999 202 258 482 273 400 517 793 461 683 878 1273 711 1136 1439 1839 
9999 202 381 556 280 668 1075 1408 359 797 1225 1631 612 1180 1686 2261 
9999 215 273 421 383 515 726 1018 433 652 931 1461 588 995 1507 2266 
9999 244 252 497 270 703 805 1133 366 969 1281 1787 574 1310 1872 2462 
9999 269 501 713 318 501 833 1197 535 886 1353 1834 636 1099 1656 2275 
9999 348 550 703 358 720 977 1172 561 931 1395 1687 762 1327 1919 2305 
9999 204 437 577 317 408 691 1020 566 781 1204 1639 765 1071 1658 2153 
9999 246 424 661 116 382 796 1276 117 460 1114 1594 133 615 1372 2059 
9999 223 249 292 119 283 310 360 132 512 792 981 154 728 1169 1522 
9999 130 140 307 173 256 447 705 176 419 623 915 189 503 800 1297 
9999 290 410 496 368 615 811 1053 502 983 1194 1588 744 1460 1827 2304 
9999 180 430 520 229 572 1003 1312 309 846 1530 1932 318 945 1671 2238 
9999 234 285 451 310 406 516 711 548 884 1041 1346 580 918 1148 1582 
9999 170 187 306 79 452 694 872 214 683 1041 1357 332 1020 1494 1971 
9999 146 186 317 247 318 586 775 304 579 1049 1386 396 903 1494 1925 
9999 162 261 500 219 311 567 908 426 742 1197 1621 583 1034 1593 2245 
9999 378 528 719 359 651 957 1279 593 1090 1633 2210 695 1252 1844 2511 
9999 229 287 419 195 308 433 756 237 351 684 1092 478 652 1126 1709 
9999 185 202 318 249 479 698 1056 420 767 1023 1409 593 948 1439 1962 
9999 425 584 756 287 565 883 1261 509 983 1535 2053 713 1400 1973 2589 
9999 185 322 404 379 558 900 1095 430 635 1181 1379 475 773 1430 1650 
9999 61 308 439 258 513 822 1192 291 672 1130 1653 345 809 1400 2161 
9999 337 381 600 376 624 808 1226 587 1022 1350 1944 715 1236 1636 2402 
9999 167 214 276 149 322 414 554 385 752 1076 1250 407 883 1224 1543 
9999 129 237 302 163 472 588 703 343 805 1147 1314 582 1086 1652 1906 
9999 121 270 420 231 441 819 1075 364 779 1298 1709 422 995 1558 2095 
9999 372 564 622 364 717 1017 1144 461 893 1314 1522 582 1104 1693 2128 
9999 168 289 521 106 262 465 830 149 528 763 1230 274 730 1193 1748 
9999 304 372 491 324 405 538 804 344 635 878 1356 358 717 1114 1702 
9999 355 436 669 443 771 1086 1515 577 1031 1541 2005 829 1444 2047 2758 
9999 375 485 516 403 739 1027 1268 532 901 1355 1740 633 1067 1775 2257 
9999 247 321 424 217 348 466 752 395 765 1101 1561 539 964 1465 2027 
9999 235 368 517 410 484 720 937 498 586 1034 1440 577 875 1353 2006 
9999 427 563 684 227 711 1036 1289 481 1110 1501 1831 581 1306 1765 2229 
9999 363 580 682 246 635 1033 1301 445 1013 1587 2081 532 1131 1918 2426 
9999 280 430 602 251 479 711 950 506 736 1005 1330 540 1020 1389 1768 
9999 323 441 606 136 429 788 960 201 631 1055 1395 303 735 1375 1944 
9999 265 410 434 340 677 913 1121 570 1036 1286 1502 693 1273 1585 2012 
9999 274 395 537 332 618 888 1077 575 1076 1561 1839 792 1468 2015 2409 
9999 196 449 578 302 497 927 1198 407 738 1400 1737 463 832 1677 2099 
9999 324 540 638 460 634 902 1227 675 921 1232 1670 695 1141 1453 1926 
9999 204 297 321 327 429 770 813 443 612 1004 1284 545 882 1474 1850 
9999 403 597 795 247 653 1016 1433 309 927 1366 1865 466 1161 1717 2263 
9999 346 418 478 390 665 816 992 521 926 1174 1584 563 1010 1332 1771 
9999 214 442 648 204 357 754 1024 302 700 1244 1769 368 774 1364 2090 
9999 337 342 561 402 604 688 965 616 994 1114 1391 834 1322 1472 1914 
9999 185 200 276 269 399 549 704 283 584 813 1201 309 719 1090 1626 
9999 112 129 384 141 348 605 909 171 603 994 1416 171 767 1328 1899 
9999 385 611 676 223 513 883 986 243 756 1141 1290 320 990 1570 1907 
9999 370 557 746 320 704 1129 1510 461 961 1440 1962 485 1210 1723 2470 
9999 142 224 322 116 308 393 728 221 543 690 1217 377 876 1117 1656 
9999 233 360 395 27 387 647 723 188 612 1124 1455 243 709 1381 1850 
9999 344 581 715 221 704 1057 1416 335 996 1510 1883 434 1095 1635 2110 
9999 384 522 776 258 427 605 1048 337 542 908 1485 415 712 1095 1851 
9999 305 382 422 137 413 548 748 137 623 864 1084 261 979 1339 1594 
9999 197 343 487 270 563 758 1064 429 877 1254 1587 560 1053 1492 1860 
9999 171 351 524 347 385 661 848 389 473 971 1268 448 740 1368 1728 
9999 457 690 938 262 559 866 1174 361 889 1419 1788 418 1060 1642 2222 
9999 297 453 635 232 540 772 1123 344 697 1087 1626 495 978 1622 2276 
9999 157 170 241 318 599 702 965 542 1015 1163 1565 616 1278 1602 2126 
9999 259 308 419 319 520 593 952 489 873 1126 1550 546 1108 1542 2099 
9999 175 176 326 187 346 389 539 346 548 603 907 420 796 1037 1461 
9999 284 538 684 176 377 778 1137 260 620 1132 1649 337 738 1272 1968 
9999 114 293 527 283 503 926 1208 531 907 1528 1934 621 1012 1772 2205 
9999 210 285 528 216 363 664 921 381 777 1257 1612 541 1156 1891 2458 
9999 158 321 451 180 284 688 914 299 411 932 1178 525 884 1513 1961 
9999 430 487 695 376 820 1093 1307 498 1055 1344 1603 753 1330 1690 1988 
9999 118 250 380 76 254 410 793 199 400 795 1235 207 429 853 1349 
9999 354 409 596 321 722 824 1226 406 915 1198 1804 513 1272 1741 2481 
9999 318 324 391 351 635 725 1024 352 794 924 1363 357 958 1292 1756 
9999 261 409 627 279 576 920 1359 346 681 1035 1658 431 1009 1508 2266 
9999 325 526 662 395 689 938 1207 476 917 1234 1607 580 1132 1663 2126 
9999 277 280 493 253 419 494 723 430 683 986 1342 522 794 1210 1676 
9999 165 331 533 189 285 516 864 264 363 638 1180 511 674 1115 1796 
9999 307 387 430 323 581 850 1097 472 963 1374 1761 513 1056 1490 2112 
9999 307 446 506 196 388 535 753 246 588 777 1086 448 856 1115 1593 
9999 280 520 549 219 594 1046 1232 260 865 1510 1853 323 1070 1918 2506 
9999 202 232 471 163 554 658 1063 211 835 1169 1807 288 1085 1478 2165 
9999 269 358 377 336 534 858 898 499 793 1242 1464 660 1173 1745 2150 
9999 61 82 146 163 270 426 707 418 650 931 1259 444 816 1259 1756 
9999 298 414 491 372 723 877 1128 492 1006 1381 1778 540 1181 1615 2041 
9999 261 506 691 84 504 958 1196 274 714 1269 1583 440 1080 1794 2265 
9999 287 439 558 426 666 1041 1377 665 978 1514 2051 767 1145 1787 2415 
9999 370 382 508 347 712 862 997 419 939 1306 1474 614 1317 1747 2107 
9999 432 487 621 382 619 769 1052 477 715 959 1439 543 981 1258 1799 
9999 109 296 458 98 212 570 838 323 569 1066 1498 382 830 1427 1879 
9999 317 472 543 339 744 1119 1207 590 1053 1642 1792 592 1302 2014 2231 
9999 90 319 389 160 358 763 926 180 437 843 1085 186 544 1049 1459 
9999 57 93 186 208 404 621 958 269 486 883 1365 463 722 1319 1960 
9999 251 313 497 335 608 858 1241 408 855 1357 1844 462 994 1509 2062 
9999 201 308 424 378 428 594 714 592 697 971 1103 732 958 1311 1457 
9999 357 520 628 397 799 1075 1362 418 1041 1508 1957 505 1142 1785 2235 
9999 309 373 402 290 509 619 798 541 972 1085 1373 736 1326 1583 1973 
9999 95 141 314 143 310 423 714 191 428 768 1302 420 772 1202 1931 
9999 382 397 466 218 480 683 817 370 791 1046 1305 389 952 1271 1696 
9999 305 449 598 387 635 993 1292 622 881 1258 1811 775 1117 1658 2315 
9999 334 479 538 88 373 536 840 122 500 712 1179 168 752 1201 1847 
9999 275 278 371 307 518 603 697 422 764 1013 1268 504 991 1325 1785 
9999 173 243 459 204 448 659 1107 326 635 1018 1707 479 1004 1572 2499 
9999 339 414 531 360 707 900 1086 393 766 1190 1491 564 997 1485 1972 
9999 353 500 651 439 606 880 1118 536 746 1092 1580 540 752 1331 1973 
9999 243 258 403 401 586 816 1205 560 935 1268 1732 810 1353 1691 2367 
9999 357 456 535 269 484 613 894 465 688 1022 1428 631 916 1354 1769 
9999 262 444 687 239 405 791 1174 263 481 1090 1502 516 839 1692 2252 
9999 142 370 543 151 240 587 796 161 319 827 1213 292 460 1154 1588 
9999 325 559 673 239 420 774 913 251 591 1023 1416 375 767 1246 1882 
9999 395 629 718 332 705 1170 1350 402 997 1545 1850 420 1259 1875 2429 
9999 322 352 444 241 355 568 759 469 594 1031 1468 724 885 1561 2125 
9999 127 354 431 132 366 769 902 298 676 1125 1423 478 886 1371 1756 
9999 251 294 318 299 602 691 788 334 748 1017 1327 384 1027 1388 1797 
9999 289 403 620 417 617 766 1185 433 848 1157 1642 621 1288 1762 2487 
9999 145 266 289 241 384 657 845 282 616 963 1206 292 696 1188 1435 
9999 223 321 536 284 545 838 1073 386 716 1083 1446 462 847 1354 1798 
9999 308 451 475 308 419 660 900 412 744 1061 1504 553 896 1305 1828 
9999 322 437 567 301 411 670 930 531 672 1185 1697 589 934 1453 2114 
9999 313 542 790 321 586 937 1315 469 855 1332 1916 538 1056 1632 2326 
9999 137 224 399 368 488 815 1142 456 827 1406 1900 545 928 1687 2344 
9999 373 403 530 393 749 898 1238 644 1038 1386 1854 693 1253 1628 2281 
9999 311 546 777 400 478 752 1213 459 552 974 1544 630 953 1429 2036 
9999 213 358 434 149 487 694 807 370 883 1151 1405 430 956 1454 1766 
9999 279 312 528 300 582 806 1055 388 753 1119 1371 445 1006 1412 1807 
9999 433 640 756 459 781 1210 1499 553 1088 1696 2066 731 1509 2256 2722 
9999 242 486 741 195 522 767 1170 431 765 1253 1899 483 1042 1593 2266 
9999 167 221 427 336 463 616 1043 398 611 973 1515 453 682 1186 1954 
9999 60 173 337 169 372 621 991 326 718 1161 1658 452 867 1492 2210 
9999 369 578 591 286 614 1042 1112 309 795 1408 1627 490 1087 1815 2054 
9999 263 434 574 398 545 875 1049 470 688 1270 1671 568 1021 1820 2377 
9999 70 275 313 100 238 515 685 279 486 866 1057 327 599 1156 1458 
9999 295 514 685 147 367 633 1020 252 623 1126 1666 468 998 1509 2154 
9999 172 218 282 208 446 516 609 453 697 949 1247 618 1052 1358 1905 
9999 152 212 429 246 446 752 1167 337 709 1162 1577 443 1016 1718 2331 
9999 247 458 572 161 473 712 1052 289 630 1074 1438 403 817 1450 1901 
9999 309 339 411 157 462 697 994 200 612 1064 1459 398 850 1501 1992 
9999 313 408 462 218 411 578 748 221 497 730 909 237 746 1212 1473 
9999 148 382 506 181 321 795 1045 314 504 1113 1512 342 645 1486 2134 
9999 364 578 781 175 502 839 1173 345 864 1222 1628 582 1260 1713 2275 
9999 261 469 562 219 587 869 1049 299 795 1295 1661 320 1066 1693 2281 
9999 48 183 383 181 433 599 1054 263 765 1116 1674 507 1066 1486 2112 
9999 241 481 542 379 672 1143 1424 523 820 1472 1821 556 931 1614 2109 
9999 95 299 461 53 177 387 668 123 429 771 1193 377 808 1200 1750 
9999 266 376 508 155 397 554 882 188 534 701 1215 399 953 1185 1795 
9999 293 545 688 274 549 900 1091 336 752 1187 1613 343 923 1410 1916 
9999 213 259 322 247 509 667 942 278 736 1086 1399 382 1084 1552 1959 
9999 169 235 251 30 259 480 579 115 520 815 1106 147 746 1136 1556 
9999 196 388 593 86 275 629 896 331 618 1072 1432 417 923 1564 2037 
9999 132 341 459 181 342 731 933 394 580 1146 1391 638 933 1655 1993 
9999 301 432 456 330 720 1003 1045 519 977 1320 1394 659 1313 1894 2210 
9999 143 290 531 133 315 559 856 351 583 984 1500 456 932 1442 2173 
9999 135 376 435 143 424 677 865 285 792 1048 1430 452 972 1439 2036 
9999 253 432 492 204 542 869 1172 249 631 968 1447 345 861 1303 2012 
9999 393 508 519 177 487 675 831 377 704 1038 1335 433 895 1324 1701 
9999 157 195 254 63 412 565 845 259 700 865 1175 433 906 1177 1580 
9999 472 576 831 308 706 954 1210 502 934 1324 1831 672 1341 1806 2531 
9999 227 337 533 149 491 799 1199 182 608 1115 1718 248 692 1364 2123 
9999 244 320 334 243 501 795 825 346 766 1279 1478 526 1074 1656 1911 
9999 133 163 287 210 326 520 700 329 540 810 1106 339 756 1278 1588 
9999 261 345 433 508 534 644 884 679 838 1177 1613 732 998 1360 1845 
9999 246 444 664 105 483 714 979 277 872 1113 1525 419 1259 1558 2109 
9999 225 459 675 211 415 847 1072 245 521 1052 1462 248 596 1204 1691 
9999 37 232 262 149 382 769 849 400 863 1341 1674 533 1001 1629 2074 
9999 217 331 538 236 510 776 1210 332 700 1063 1636 518 966 1408 2012 
9999 417 512 753 332 547 894 1185 519 971 1430 1828 674 1142 1626 2195 
9999 289 496 516 336 636 914 1009 520 1003 1463 1642 720 1410 2125 2503 
9999 278 491 539 335 600 958 1145 524 841 1260 1461 742 1263 1714 2141 
9999 140 152 203 251 447 609 769 500 712 1098 1497 711 938 1485 1948 
9999 45 107 281 225 350 504 791 385 642 1045 1450 422 821 1336 1889 
9999 195 421 428 165 313 762 1008 171 422 886 1150 194 452 1108 1392 
9999 231 458 474 162 501 871 1078 216 776 1330 1707 310 930 1627 2226 
9999 268 463 568 209 398 644 836 460 663 1063 1421 630 1074 1586 1960 
9999 376 586 808 252 501 719 971 255 535 937 1319 399 788 1285 1715 
9999 390 580 668 431 824 1201 1375 536 1023 1592 1912 784 1499 2221 2585 
9999 346 472 520 327 692 955 1124 350 815 1101 1443 509 1202 1536 1960 
9999 422 592 772 349 688 869 1063 544 1086 1428 1809 720 1320 1893 2413 
9999 286 473 511 269 439 785 930 438 790 1160 1377 593 1017 1541 1841 
9999 330 495 697 143 423 641 1038 394 751 980 1527 543 1066 1528 2278 
9999 97 220 338 166 347 527 714 419 668 1067 1400 653 1098 1591 2137 
9999 185 290 473 330 442 699 1060 480 599 1003 1574 623 986 1521 2328 
9999 504 602 669 424 834 1068 1308 647 1156 1453 1895 686 1352 1808 2470 
9999 112 287 301 267 339 701 854 422 745 1192 1539 574 1141 1746 2152 
9999 241 245 289 335 497 690 827 550 730 1094 1374 571 851 1381 1703 
9999 200 324 391 214 314 462 725 365 479 859 1295 444 709 1121 1753 
9999 220 385 515 238 599 777 992 398 789 1023 1278 595 1027 1365 1681 
9999 348 567 741 294 622 844 1220 300 687 1152 1731 400 878 1351 2152 
9999 179 330 475 261 425 667 920 362 553 888 1341 512 870 1245 1811 
9999 257 376 593 274 399 754 1118 285 612 1035 1441 462 1000 1560 1998 
9999 179 375 458 251 595 1021 1354 374 760 1223 1600 627 1187 1727 2124 
9999 462 656 736 219 693 942 1074 301 1005 1496 1741 490 1227 1810 2256 
9999 232 260 443 409 443 649 909 453 702 1029 1330 586 1033 1422 1808 
9999 197 362 571 416 636 806 1061 610 1077 1406 1788 635 1353 1755 2362 
9999 272 440 655 347 734 1009 1238 496 924 1381 1625 533 1139 1675 1952 
9999 180 429 640 202 552 821 1164 365 927 1367 1776 587 1329 2022 2508 
9999 468 692 774 466 959 1397 1633 667 1290 1949 2352 721 1562 2465 3007 
9999 152 357 364 295 349 590 693 331 466 770 1094 535 733 1272 1764 
9999 180 296 437 226 448 741 1092 285 686 1008 1612 444 861 1430 2121 
9999 286 493 680 273 514 924 1286 274 614 1227 1675 290 862 1706 2312 
9999 360 494 543 252 512 739 828 295 751 1211 1338 494 1152 1802 2059 
9999 106 138 255 227 373 562 864 292 573 985 1295 373 812 1362 1823 
9999 279 499 747 173 365 622 1083 177 557 945 1588 404 816 1393 2068 
9999 128 270 349 156 442 620 839 267 721 965 1267 467 1176 1535 2003 
9999 149 338 478 260 433 750 1048 361 637 1067 1501 577 853 1312 1983 
9999 279 339 582 202 469 656 1105 210 670 890 1548 402 1010 1349 2256 
9999 293 426 615 373 430 654 1077 482 744 1082 1574 687 1092 1480 2029 
9999 169 214 367 265 547 695 1063 375 793 1109 1523 403 852 1207 1635 
9999 255 458 674 261 472 869 1116 505 768 1265 1705 700 1113 1861 2555 
9999 250 468 705 88 506 858 1257 194 837 1436 1957 248 966 1707 2408 
9999 171 177 212 59 329 485 750 219 663 875 1202 340 862 1107 1627 
9999 251 426 442 235 539 892 993 257 730 1290 1468 502 1068 1629 1851 
9999 216 295 509 370 607 874 1153 518 999 1393 1685 584 1225 1826 2184 
9999 61 236 428 35 172 349 694 130 396 739 1245 164 547 1117 1812 
9999 207 334 457 314 532 679 837 317 721 1064 1259 365 936 1505 1735 
9999 271 314 468 330 556 769 1109 502 868 1110 1587 526 956 1419 2149 
9999 293 441 595 332 525 757 997 535 841 1296 1763 712 1206 1885 2499 
9999 141 204 402 204 463 554 874 208 719 903 1405 392 965 1222 1756 
9999 72 210 404 219 439 637 1036 381 755 1084 1574 597 1176 1628 2276 
9999 321 418 505 376 562 718 831 427 614 878 1209 590 876 1297 1809 
9999 177 311 548 101 429 657 1042 206 575 989 1607 318 813 1251 1942 
9999 61 269 393 243 296 521 683 331 587 827 1189 405 701 959 1558 
9999 237 278 304 284 487 592 642 289 572 901 1030 409 934 1324 1516 
9999 267 369 520 346 550 666 949 478 908 1122 1655 533 998 1379 2060 
9999 294 541 708 442 563 903 1212 647 804 1230 1715 789 1200 1775 2335 
9999 387 459 680 401 732 817 1068 518 1087 1362 1695 725 1338 1794 2279 
9999 310 373 496 338 667 739 1012 530 954 1096 1448 623 1267 1563 2005 
9999 325 380 629 265 559 637 913 315 823 1010 1287 317 860 1200 1617 
9999 424 431 584 325 557 612 818 436 786 973 1383 518 898 1123 1715 
9999 305 464 525 376 559 820 1019 616 1047 1553 1778 636 1106 1699 2074 
9999 431 543 569 480 799 953 994 633 1036 1266 1514 846 1280 1690 1986 
9999 279 420 458 206 519 684 907 271 624 810 1088 365 973 1183 1549 
9999 317 432 586 199 493 777 1103 441 980 1387 1912 461 1048 1703 2432 
9999 276 519 685 238 382 720 1046 290 551 1104 1576 406 907 1694 2207 
9999 297 488 724 171 468 753 1026 298 831 1228 1540 528 1257 1794 2344 
9999 178 281 495 336 421 543 844 428 533 745 1255 625 735 1101 1687 
9999 337 345 411 100 367 528 689 148 659 868 1274 397 1110 1384 1895 
9999 201 402 520 164 481 703 846 387 782 1199 1524 603 1068 1487 2006 
9999 223 392 508 78 442 815 1063 189 735 1255 1702 237 861 1409 2025 
9999 58 151 297 157 221 452 772 242 379 857 1410 279 650 1156 1939 
9999 259 299 448 196 354 419 722 299 477 578 1100 467 867 1057 1688 
9999 271 446 564 324 719 910 1123 544 991 1240 1585 563 1158 1648 2002 
9999 107 239 334 308 460 782 1046 508 908 1276 1759 648 1079 1675 2296 
9999 225 366 459 416 548 865 1092 505 822 1333 1587 598 939 1491 1941 
9999 201 236 469 93 491 673 916 311 902 1313 1658 535 1328 1980 2509 
9999 123 150 355 81 392 444 664 284 662 917 1249 298 839 1184 1674 
9999 220 257 507 390 619 665 1105 426 791 1022 1506 524 972 1384 1875 
9999 254 282 356 249 733 801 897 464 1068 1229 1461 653 1463 1866 2217 
9999 211 278 530 254 600 815 1093 366 725 1082 1433 425 1005 1493 1939 
9999 106 273 455 244 354 703 952 398 611 1103 1438 637 989 1662 2095 
9999 292 312 453 169 342 412 671 391 744 834 1219 403 800 890 1512 
9999 116 366 511 133 182 440 828 358 435 806 1431 430 621 1210 1872 
9999 147 219 319 282 504 734 871 377 796 1276 1480 530 1182 1838 2051 
9999 149 378 557 86 216 539 758 279 615 1032 1493 527 916 1501 2046 
9999 264 372 434 380 595 912 1040 586 836 1338 1521 638 1003 1703 1984 
9999 267 347 488 433 602 935 1218 558 891 1364 1874 575 1145 1653 2206 
9999 201 212 288 311 529 659 937 398 836 1092 1462 604 1242 1679 2236 
9999 156 397 559 226 407 822 1168 470 808 1402 1916 645 1200 1986 2540 
9999 195 410 508 336 565 805 918 474 789 1171 1442 686 1083 1662 2152 
9999 374 417 605 146 515 660 1090 263 884 1221 1806 467 1128 1519 2139 
9999 258 482 710 122 292 720 1072 142 391 1007 1414 150 430 1088 1516 
9999 333 457 462 339 617 945 1017 414 824 1258 1512 485 915 1530 1805 
9999 272 309 478 95 467 742 969 187 650 963 1284 240 757 1300 1836 
9999 228 282 313 220 616 873 1065 372 924 1413 1807 539 1215 1728 2287 
9999 201 426 558 204 486 957 1242 449 967 1451 1844 683 1232 1761 2303 
9999 346 589 647 240 640 1094 1203 453 1078 1691 1991 453 1283 1981 2362 
9999 310 470 675 116 354 650 1098 156 553 941 1641 256 725 1345 2203 
9999 165 198 281 203 460 563 813 276 695 961 1384 510 1068 1409 1848 
9999 255 389 421 169 467 800 913 279 683 1270 1471 525 1002 1693 2078 
9999 56 193 438 227 488 789 1216 323 637 1098 1595 449 984 1566 2094 
9999 168 172 349 167 503 610 794 388 731 915 1190 617 1158 1465 1773 
9999 383 484 628 390 826 1128 1322 531 1058 1513 1812 616 1327 1901 2285 
9999 275 338 570 386 543 839 1123 557 784 1223 1714 587 825 1448 2116 
9999 170 293 445 136 231 489 728 177 341 753 1074 364 670 1186 1606 
9999 203 330 339 215 456 635 735 440 903 1257 1456 502 981 1466 1812 
9999 196 348 366 119 441 661 781 137 659 906 1068 317 889 1338 1728 
9999 316 417 430 281 461 612 637 485 852 1010 1139 684 1200 1462 1800 
9999 239 309 392 48 406 571 905 100 560 824 1410 351 1014 1483 2143 
9999 315 470 488 436 774 942 966 533 983 1153 1269 592 1249 1586 1710 
9999 62 225 420 260 380 658 880 466 675 1059 1507 591 902 1333 1840 
9999 384 614 855 248 560 862 1238 280 670 1065 1623 306 882 1365 1947 
9999 225 440 555 76 286 752 930 186 484 1195 1509 204 579 1451 1969 
9999 334 558 700 365 806 1235 1484 416 1051 1724 2042 431 1215 1905 2248 
9999 365 366 507 397 691 752 1083 646 951 1262 1634 872 1340 1852 2374 
9999 138 214 219 231 496 652 771 244 533 805 1121 486 973 1487 1842 
9999 137 376 550 213 363 660 885 324 500 1030 1398 415 829 1362 1941 
9999 183 331 443 54 430 741 1005 287 803 1154 1486 410 969 1344 1863 
9999 63 253 393 243 462 701 1092 471 911 1323 1948 540 1049 1714 2427 
9999 288 306 340 302 546 630 804 411 704 941 1165 482 834 1119 1368 
9999 263 516 575 149 523 835 1059 212 655 1175 1558 216 805 1465 1934 
9999 196 259 280 102 367 487 537 226 743 871 942 301 892 1040 1164 
9999 389 402 444 349 608 716 872 561 1020 1245 1515 711 1333 1589 2057 
9999 149 368 477 267 381 738 927 283 544 1003 1283 504 887 1491 1950 
9999 199 420 597 283 501 757 1132 288 658 970 1500 347 805 1215 1860 
9999 243 467 605 264 432 875 1111 518 751 1384 1839 705 1017 1793 2477 
9999 458 577 636 309 616 892 1025 456 854 1167 1378 626 1204 1568 1930 
9999 234 352 554 164 393 631 1046 414 836 1172 1635 523 1044 1408 1957 
9999 215 360 504 297 490 853 1117 435 883 1445 1761 615 1313 2079 2608 
9999 100 281 311 147 334 665 924 290 570 926 1252 378 887 1267 1621 
9999 223 322 456 246 556 878 1178 499 912 1470 1993 511 1059 1621 2213 
9999 366 465 480 253 688 1031 1262 340 788 1158 1564 583 1082 1655 2088 
9999 228 377 522 222 515 770 1152 373 799 1210 1730 558 1087 1663 2346 
9999 365 586 601 247 562 1035 1071 452 919 1551 1721 707 1242 1915 2233 
9999 271 485 566 202 530 744 895 259 751 996 1208 388 1006 1388 1850 
9999 294 477 717 132 632 846 1100 256 812 1176 1633 309 965 1405 1895 
9999 279 281 453 211 503 712 1013 242 721 961 1306 470 1193 1601 1960 
9999 335 589 663 328 452 794 1080 413 775 1276 1701 496 1093 1766 2380 
9999 207 407 508 263 482 852 1141 498 745 1263 1681 551 921 1447 2039 
9999 313 440 538 98 351 664 788 202 612 1058 1333 247 830 1370 1752 
9999 228 394 417 253 435 729 793 354 717 1120 1336 456 1048 1589 1822 
9999 75 304 535 27 196 463 842 120 543 938 1370 217 764 1159 1592 
9999 157 410 567 293 377 677 900 489 818 1160 1611 677 1024 1454 2066 
9999 410 663 681 467 746 1092 1216 596 1030 1482 1712 704 1200 1741 2021 
9999 112 280 292 272 382 585 697 324 571 993 1206 502 860 1421 1810 
9999 148 342 568 14 182 452 809 201 551 1058 1454 446 866 1463 1905 
9999 127 186 270 182 278 521 715 414 658 1112 1460 417 756 1284 1647 
9999 191 306 471 285 412 546 864 477 835 1021 1534 547 1031 1427 1985 
9999 94 137 389 138 220 412 664 175 458 845 1204 247 679 1219 1789 
9999 264 404 494 141 361 581 692 361 628 999 1356 400 722 1216 1686 
9999 270 479 543 380 441 679 991 482 647 991 1454 574 904 1284 1890 
9999 331 563 658 333 630 1001 1253 469 1015 1488 1925 676 1380 1896 2522 
9999 385 548 668 351 788 1162 1429 466 1135 1568 2007 505 1333 1930 2468 
9999 237 421 547 123 498 808 1120 239 707 1096 1559 410 1095 1647 2189 
9999 252 451 564 212 437 641 899 343 632 897 1325 566 1080 1359 2012 
9999 109 119 269 206 384 561 763 332 676 904 1341 447 795 1188 1681 
9999 282 431 608 363 495 797 1086 601 823 1334 1739 711 961 1525 2026 
9999 222 387 580 272 526 740 1158 424 681 980 1405 455 850 1252 1844 
9999 64 136 169 127 266 340 606 251 477 791 1213 476 790 1171 1724 
9999 339 395 570 269 576 739 1071 326 807 991 1484 354 965 1188 1755 
9999 430 441 649 413 845 863 1177 590 1246 1299 1631 814 1509 1569 1980 
9999 270 425 640 98 485 785 1207 179 682 1059 1672 276 885 1484 2196 
9999 369 445 694 246 576 734 1127 500 1055 1297 1913 747 1527 1856 2530 
9999 60 127 147 268 457 689 955 386 824 1269 1644 604 1086 1699 2209 
9999 258 334 572 181 431 586 982 349 814 1129 1756 533 1146 1495 2164 
9999 216 287 489 215 521 671 1068 246 766 1054 1529 356 1019 1318 1890 
