0 0 0 0 0 0 0 0 0 0 0 0 0 0 0 0 
0 0 0 0 0 0 0 0 0 0 0 0 0 0 0 0 
0 0 0 0 0 0 0 0 0 0 0 0 0 0 0 0 
0 0 0 0 0 0 0 0 0 0 0 0 0 0 0 0 
0 0 0 0 0 0 0 0 0 0 0 0 0 0 0 0 
0 0 0 0 0 0 0 0 0 0 0 0 0 0 0 0 
0 0 0 0 0 0 0 0 0 0 0 0 0 0 0 0 
0 0 0 0 0 0 0 0 0 0 0 0 0 0 0 0 
0 0 0 0 0 0 0 0 0 0 0 0 0 0 0 0 
0 0 0 0 0 0 0 0 0 0 0 0 0 0 0 0 
0 0 0 0 0 0 0 0 0 0 0 0 0 0 0 0 
103 301 406 521 184 637 816 1167 225 883 1248 1770 467 1376 1968 2560 
124 318 402 650 151 577 892 1281 269 785 1146 1634 320 995 1557 2199 
102 152 165 348 151 289 465 738 188 419 600 896 276 740 1015 1523 
171 349 554 752 326 684 973 1188 340 828 1233 1513 373 922 1547 1962 
112 345 407 568 177 635 949 1213 239 698 1138 1553 473 1152 1699 2264 
143 199 291 333 379 611 762 1055 429 836 1047 1424 665 1096 1526 1995 
2 28 282 349 253 529 953 1078 504 821 1454 1809 509 886 1643 2146 
117 333 523 620 254 719 1001 1285 422 1040 1337 1770 599 1452 1990 2602 
5 244 491 491 238 638 943 1172 440 851 1359 1796 512 994 1602 2228 
31 66 96 264 59 217 347 712 79 352 572 1134 173 521 862 1523 
59 171 271 307 76 346 455 711 246 728 1009 1507 273 771 1227 1784 
51 256 483 563 123 399 647 819 310 697 979 1176 496 1038 1445 1887 
11 236 262 290 138 398 672 741 386 810 1111 1199 567 1193 1572 1892 
152 202 258 482 273 400 517 793 461 683 878 1273 711 1136 1439 1839 
172 306 339 382 342 502 620 825 532 804 1103 1423 591 867 1258 1789 
54 202 381 556 280 668 1075 1408 359 797 1225 1631 612 1180 1686 2261 
8 120 332 510 146 299 595 845 300 463 947 1410 314 501 1153 1684 
172 263 506 648 248 554 842 1139 257 629 1146 1449 453 876 1568 2076 
163 295 422 467 336 680 925 1041 558 952 1225 1577 632 1222 1543 2141 
32 67 200 308 283 496 636 748 527 976 1127 1424 559 1194 1479 1971 
62 67 308 544 279 387 679 1098 432 620 1075 1721 452 851 1523 2221 
247 341 501 743 263 525 931 1178 411 674 1270 1697 599 930 1646 2323 
73 178 408 443 281 412 860 1000 387 644 1168 1434 468 762 1465 1803 
132 215 273 421 383 515 726 1018 433 652 931 1461 588 995 1507 2266 
37 244 252 497 270 703 805 1133 366 969 1281 1787 574 1310 1872 2462 
216 269 501 713 318 501 833 1197 535 886 1353 1834 636 1099 1656 2275 
63 161 289 330 131 451 703 909 268 666 1005 1300 479 958 1470 1937 
134 283 411 647 157 534 795 1272 297 686 1049 1767 421 1002 1489 2394 
34 286 514 616 252 601 840 1041 427 874 1301 1633 607 1159 1633 2023 
255 430 469 491 402 749 795 848 586 1042 1105 1210 631 1228 1530 1714 
137 349 531 630 190 595 976 1303 226 762 1246 1789 463 1149 1651 2430 
69 126 128 344 298 365 615 988 417 493 952 1490 567 836 1539 2108 
149 319 449 651 257 500 804 1150 462 727 1135 1667 634 1021 1595 2369 
180 348 550 703 358 720 977 1172 561 931 1395 1687 762 1327 1919 2305 
110 113 153 371 186 404 550 793 423 851 1208 1604 499 1048 1544 1940 
34 120 274 486 58 353 761 1201 275 775 1252 1855 420 1118 1596 2454 
201 243 460 481 202 311 575 834 223 334 733 1089 347 477 974 1488 
105 357 471 600 310 675 890 1185 372 908 1196 1698 485 1096 1590 2150 
117 284 363 481 351 644 823 1196 480 1008 1284 1910 734 1457 1888 2617 
191 204 437 577 317 408 691 1020 566 781 1204 1639 765 1071 1658 2153 
2 246 424 661 116 382 796 1276 117 460 1114 1594 133 615 1372 2059 
153 233 324 347 312 534 837 1012 322 641 947 1331 510 996 1315 1889 
155 346 517 531 368 711 883 1111 597 1182 1568 2042 722 1369 1952 2448 
142 175 221 266 317 352 596 826 416 652 1034 1295 528 915 1519 1792 
86 223 249 292 119 283 310 360 132 512 792 981 154 728 1169 1522 
227 434 644 790 437 796 1081 1280 534 1106 1476 1884 642 1265 1856 2458 
188 435 672 894 207 693 1159 1413 406 1118 1755 2230 570 1359 2125 2736 
28 111 137 375 263 448 510 824 322 628 720 1202 494 1051 1249 1835 
243 331 401 407 314 445 553 573 327 668 1011 1209 358 807 1208 1465 
192 276 318 489 378 540 830 1247 577 761 1209 1741 594 786 1453 1989 
96 130 140 307 173 256 447 705 176 419 623 915 189 503 800 1297 
155 290 410 496 368 615 811 1053 502 983 1194 1588 744 1460 1827 2304 
13 180 430 520 229 572 1003 1312 309 846 1530 1932 318 945 1671 2238 
226 389 640 823 245 479 814 1151 294 627 1012 1384 372 911 1414 1877 
117 230 412 489 150 370 592 782 196 453 882 1127 324 830 1479 1822 
156 371 396 572 186 510 609 864 395 843 1057 1343 469 1150 1487 1965 
90 139 152 275 246 349 599 924 337 628 880 1424 518 1031 1344 1970 
182 269 271 483 378 541 579 940 578 892 1111 1490 706 1068 1497 2095 
97 321 407 660 119 410 696 1062 374 867 1230 1777 542 1173 1543 2184 
225 234 285 451 310 406 516 711 548 884 1041 1346 580 918 1148 1582 
226 386 513 761 453 684 916 1391 470 883 1267 1927 535 1107 1515 2209 
168 243 443 696 330 409 635 1032 574 726 1206 1624 649 873 1503 1966 
232 253 290 493 324 488 699 1011 393 627 877 1323 622 919 1338 1925 
138 251 389 433 255 532 858 1008 493 956 1409 1616 495 979 1535 1976 
43 183 365 500 70 310 737 969 241 509 1167 1543 332 744 1432 2037 
2 170 187 306 79 452 694 872 214 683 1041 1357 332 1020 1494 1971 
104 146 186 317 247 318 586 775 304 579 1049 1386 396 903 1494 1925 
145 283 497 719 232 553 792 1237 256 718 1062 1649 361 1044 1435 2231 
8 95 179 330 125 269 562 887 130 429 789 1211 262 749 1301 1744 
71 221 464 622 148 310 678 937 301 693 1304 1565 497 923 1745 2210 
122 162 261 500 219 311 567 908 426 742 1197 1621 583 1034 1593 2245 
29 120 250 357 132 223 561 669 362 649 990 1268 592 1094 1553 1927 
255 472 551 647 268 722 999 1316 473 1068 1393 1816 494 1242 1645 2118 
244 453 610 702 453 772 1022 1297 503 918 1266 1565 558 1189 1658 2011 
178 378 528 719 359 651 957 1279 593 1090 1633 2210 695 1252 1844 2511 
13 220 402 624 74 300 631 964 190 663 1129 1633 398 871 1563 2197 
201 321 386 512 414 756 822 1139 585 1166 1422 1756 628 1448 1811 2201 
190 224 246 497 243 448 576 996 406 853 1066 1601 648 1150 1608 2330 
175 229 287 419 195 308 433 756 237 351 684 1092 478 652 1126 1709 
94 257 428 575 173 357 589 978 180 510 843 1482 381 801 1315 2074 
144 383 636 801 187 490 843 1093 253 609 1133 1434 366 778 1528 2036 
220 361 459 502 383 683 810 1023 432 862 1153 1616 652 1172 1578 2149 
73 185 202 318 249 479 698 1056 420 767 1023 1409 593 948 1439 1962 
149 226 406 462 386 672 1079 1165 469 890 1322 1455 694 1255 1843 2019 
252 425 584 756 287 565 883 1261 509 983 1535 2053 713 1400 1973 2589 
35 237 391 407 190 517 717 972 195 593 823 1308 406 990 1237 1929 
104 281 405 544 130 334 548 936 353 625 972 1532 379 805 1166 1787 
100 268 345 345 138 429 745 788 333 637 970 1163 533 872 1307 1548 
212 438 625 863 465 712 1130 1588 555 910 1464 2038 562 1067 1798 2479 
63 317 424 525 184 528 779 940 288 793 1255 1464 484 1046 1604 1965 
27 54 189 213 76 213 592 755 295 557 1191 1580 314 752 1463 1934 
174 359 542 581 193 449 732 894 426 737 1191 1526 538 860 1384 1858 
39 244 407 495 98 454 844 954 118 700 1338 1488 264 916 1676 1890 
255 305 408 426 376 629 874 990 378 688 949 1179 447 843 1357 1695 
35 195 391 485 91 418 731 901 228 664 1093 1290 407 1082 1602 1977 
33 227 424 578 175 452 902 1200 315 605 1058 1565 414 704 1218 1859 
161 162 390 607 329 419 684 950 528 772 1113 1501 665 1076 1462 2020 
106 348 416 664 175 482 686 1143 253 699 1066 1700 393 1063 1485 2164 
226 254 260 398 343 414 608 806 540 619 996 1272 716 1023 1648 1950 
214 275 293 320 340 555 809 1041 378 736 1116 1526 490 1030 1633 2125 
210 439 659 730 226 607 959 1244 387 827 1215 1581 418 887 1382 1993 
90 215 231 447 113 490 671 948 253 666 1086 1615 471 1090 1588 2289 
179 221 464 660 374 535 932 1228 552 903 1481 1986 771 1154 1930 2488 
157 371 385 565 368 761 1017 1292 583 1201 1548 2000 759 1546 1986 2537 
211 292 331 481 411 685 974 1247 539 988 1353 1717 746 1214 1724 2196 
233 392 425 613 315 493 553 783 559 855 1134 1528 590 943 1230 1867 
138 185 322 404 379 558 900 1095 430 635 1181 1379 475 773 1430 1650 
252 396 607 686 415 797 1129 1360 516 982 1374 1737 657 1191 1702 2088 
116 117 223 324 249 305 625 910 330 548 1055 1466 330 591 1247 1910 
187 291 366 461 273 573 895 1177 298 649 1035 1483 418 952 1528 2212 
184 224 305 366 279 358 685 923 480 736 1110 1549 700 1152 1724 2315 
44 61 308 439 258 513 822 1192 291 672 1130 1653 345 809 1400 2161 
123 337 381 600 376 624 808 1226 587 1022 1350 1944 715 1236 1636 2402 
104 167 214 276 149 322 414 554 385 752 1076 1250 407 883 1224 1543 
68 129 237 302 163 472 588 703 343 805 1147 1314 582 1086 1652 1906 
105 121 270 420 231 441 819 1075 364 779 1298 1709 422 995 1558 2095 
219 372 564 622 364 717 1017 1144 461 893 1314 1522 582 1104 1693 2128 
106 168 289 521 106 262 465 830 149 528 763 1230 274 730 1193 1748 
230 394 540 659 339 758 1093 1418 417 890 1256 1780 561 1234 1770 2544 
6 42 268 274 136 225 591 771 156 417 803 1129 405 914 1534 2083 
157 282 369 379 281 426 729 941 355 748 1196 1627 547 1000 1661 2290 
96 280 484 710 333 605 953 1180 338 774 1269 1750 495 1057 1774 2313 
251 304 372 491 324 405 538 804 344 635 878 1356 358 717 1114 1702 
252 355 436 669 443 771 1086 1515 577 1031 1541 2005 829 1444 2047 2758 
214 375 485 516 403 739 1027 1268 532 901 1355 1740 633 1067 1775 2257 
168 247 321 424 217 348 466 752 395 765 1101 1561 539 964 1465 2027 
216 235 368 517 410 484 720 937 498 586 1034 1440 577 875 1353 2006 
34 138 232 315 191 433 537 699 312 782 1140 1311 339 972 1441 1855 
183 427 563 684 227 711 1036 1289 481 1110 1501 1831 581 1306 1765 2229 
201 363 580 682 246 635 1033 1301 445 1013 1587 2081 532 1131 1918 2426 
20 113 248 312 97 259 590 729 311 479 962 1159 414 802 1477 1722 
127 280 430 602 251 479 711 950 506 736 1005 1330 540 1020 1389 1768 
88 323 441 606 136 429 788 960 201 631 1055 1395 303 735 1375 1944 
155 265 410 434 340 677 913 1121 570 1036 1286 1502 693 1273 1585 2012 
94 274 395 537 332 618 888 1077 575 1076 1561 1839 792 1468 2015 2409 
29 236 376 591 208 647 930 1298 313 910 1354 1950 329 1149 1777 2483 
147 196 449 578 302 497 927 1198 407 738 1400 1737 463 832 1677 2099 
246 313 357 526 289 544 654 971 379 861 1092 1515 573 1104 1552 2060 
98 312 526 779 202 551 904 1367 218 682 1055 1590 372 1039 1569 2248 
15 217 274 332 149 474 738 1020 243 640 978 1292 364 796 1251 1784 
249 324 540 638 460 634 902 1227 675 921 1232 1670 695 1141 1453 1926 
146 204 297 321 327 429 770 813 443 612 1004 1284 545 882 1474 1850 
243 403 597 795 247 653 1016 1433 309 927 1366 1865 466 1161 1717 2263 
135 346 418 478 390 665 816 992 521 926 1174 1584 563 1010 1332 1771 
202 214 442 648 204 357 754 1024 302 700 1244 1769 368 774 1364 2090 
219 337 342 561 402 604 688 965 616 994 1114 1391 834 1322 1472 1914 
122 124 239 363 265 296 600 965 283 394 938 1388 371 513 1087 1589 
149 185 200 276 269 399 549 704 283 584 813 1201 309 719 1090 1626 
111 112 129 384 141 348 605 909 171 603 994 1416 171 767 1328 1899 
200 385 611 676 223 513 883 986 243 756 1141 1290 320 990 1570 1907 
158 370 557 746 320 704 1129 1510 461 961 1440 1962 485 1210 1723 2470 
154 158 192 370 263 445 695 1003 408 821 1247 1777 540 1068 1649 2213 
71 157 380 613 73 364 756 1132 138 653 1073 1539 331 909 1388 1945 
67 160 173 350 82 404 468 805 286 835 1026 1443 373 948 1254 1829 
112 194 330 445 144 275 413 625 161 323 648 1070 255 663 1034 1617 
83 142 224 322 116 308 393 728 221 543 690 1217 377 876 1117 1656 
3 233 360 395 27 387 647 723 188 612 1124 1455 243 709 1381 1850 
101 344 581 715 221 704 1057 1416 335 996 1510 1883 434 1095 1635 2110 
230 384 522 776 258 427 605 1048 337 542 908 1485 415 712 1095 1851 
79 333 391 591 317 745 972 1268 413 916 1253 1744 488 1127 1505 2045 
34 213 261 323 228 495 794 874 352 802 1253 1535 372 991 1567 1948 
167 350 393 542 268 664 952 1298 300 795 1219 1672 536 1209 1789 2256 
101 305 382 422 137 413 548 748 137 623 864 1084 261 979 1339 1594 
159 322 507 512 279 616 1003 1160 297 717 1107 1518 302 881 1283 1800 
108 197 343 487 270 563 758 1064 429 877 1254 1587 560 1053 1492 1860 
208 455 495 567 374 863 1127 1383 443 1159 1605 1935 574 1484 2111 2680 
28 99 226 416 48 295 518 887 124 393 822 1398 191 472 1143 1739 
4 30 122 292 17 104 294 546 49 160 507 922 267 460 953 1614 
153 171 351 524 347 385 661 848 389 473 971 1268 448 740 1368 1728 
235 457 690 938 262 559 866 1174 361 889 1419 1788 418 1060 1642 2222 
132 364 492 562 385 842 1055 1164 400 908 1270 1453 403 934 1433 1854 
246 360 590 607 435 598 905 954 459 667 1068 1199 618 972 1410 1576 
122 287 392 511 256 611 875 1144 497 904 1392 1906 573 1086 1801 2381 
220 422 505 659 471 834 1103 1276 677 1064 1434 1716 847 1372 1886 2205 
48 297 453 635 232 540 772 1123 344 697 1087 1626 495 978 1622 2276 
76 157 170 241 318 599 702 965 542 1015 1163 1565 616 1278 1602 2126 
183 259 308 419 319 520 593 952 489 873 1126 1550 546 1108 1542 2099 
3 197 401 647 141 373 759 1112 371 831 1463 1865 532 1158 1961 2451 
242 462 661 783 332 776 1089 1215 483 965 1348 1682 699 1432 1900 2454 
189 222 432 504 260 429 818 936 368 706 1190 1322 447 795 1381 1578 
231 277 465 530 245 337 594 824 330 561 935 1210 464 897 1280 1623 
235 454 594 644 335 617 853 1111 567 1040 1498 1811 769 1311 1889 2379 
115 167 409 538 214 321 601 914 409 671 1180 1566 510 1011 1661 2127 
202 227 357 403 290 542 927 1037 452 925 1429 1647 486 1199 1732 2099 
36 51 73 208 107 182 267 412 322 434 602 807 342 679 987 1414 
250 265 278 361 492 519 679 910 725 763 924 1167 976 1044 1366 1640 
46 230 397 514 290 704 998 1319 301 925 1227 1579 480 1253 1809 2335 
164 175 176 326 187 346 389 539 346 548 603 907 420 796 1037 1461 
102 199 436 526 173 378 653 826 235 487 876 1291 431 795 1344 1863 
123 284 538 684 176 377 778 1137 260 620 1132 1649 337 738 1272 1968 
138 141 155 365 249 304 355 738 348 554 764 1186 356 625 978 1531 
224 365 387 409 406 716 973 1005 478 878 1303 1485 610 1200 1698 1894 
193 280 504 552 333 425 870 1157 490 707 1175 1627 678 1061 1569 2178 
52 114 293 527 283 503 926 1208 531 907 1528 1934 621 1012 1772 2205 
103 210 285 528 216 363 664 921 381 777 1257 1612 541 1156 1891 2458 
26 204 394 395 106 462 701 774 184 787 1223 1464 191 874 1505 1856 
187 201 298 342 241 322 477 741 302 620 837 1322 503 882 1276 1988 
239 350 578 641 272 405 768 942 285 494 880 1074 441 868 1384 1666 
232 459 591 621 271 689 1071 1201 443 917 1364 1611 560 1276 1811 2158 
97 158 321 451 180 284 688 914 299 411 932 1178 525 884 1513 1961 
219 459 691 693 394 861 1195 1289 421 1055 1598 1837 574 1250 2038 2527 
103 256 380 566 299 561 711 956 416 821 1050 1382 551 1143 1405 1835 
172 181 281 372 408 619 902 1001 521 869 1305 1414 700 1190 1630 1765 
39 167 379 614 276 642 893 1226 402 886 1322 1660 452 1154 1693 2253 
227 430 487 695 376 820 1093 1307 498 1055 1344 1603 753 1330 1690 1988 
148 175 193 322 157 241 486 750 333 573 958 1448 451 934 1511 2090 
190 439 480 563 424 674 804 987 538 893 1168 1465 663 1234 1662 1976 
243 414 560 813 472 760 1038 1440 489 794 1191 1728 493 853 1475 2207 
48 58 80 107 60 182 331 484 277 416 805 1045 510 786 1279 1740 
53 304 522 548 165 510 903 1059 276 659 1061 1333 369 986 1443 1856 
245 322 490 491 434 551 846 998 491 720 1253 1439 740 1055 1843 2075 
81 298 370 564 137 601 741 1102 166 707 874 1357 222 845 1020 1548 
160 336 382 475 376 725 1015 1125 405 980 1322 1455 462 1088 1499 1770 
13 155 231 300 146 432 744 976 368 662 1003 1257 458 789 1197 1701 
214 327 415 589 244 433 713 947 291 724 1087 1425 330 915 1520 1910 
38 101 222 394 245 410 610 955 355 628 1023 1568 501 780 1370 2019 
119 146 168 318 222 463 695 995 424 702 1188 1730 613 1132 1656 2426 
48 208 352 607 54 437 754 1125 129 624 1001 1593 248 998 1444 2274 
26 118 250 380 76 254 410 793 199 400 795 1235 207 429 853 1349 
181 354 409 596 321 722 824 1226 406 915 1198 1804 513 1272 1741 2481 
86 149 157 294 235 330 472 626 290 502 718 935 428 743 1078 1359 
20 195 446 606 167 385 755 1147 318 580 1130 1524 357 730 1416 1935 
174 318 324 391 351 635 725 1024 352 794 924 1363 357 958 1292 1756 
78 277 462 688 320 568 955 1318 413 788 1315 1810 651 1046 1575 2226 
165 173 396 482 314 374 659 895 524 686 1005 1457 530 930 1490 2026 
182 353 407 575 402 574 678 903 530 892 1186 1521 740 1294 1598 2052 
200 433 638 731 229 474 923 1256 343 610 1259 1712 348 800 1654 2294 
100 103 202 266 104 256 477 673 187 395 858 1092 435 895 1515 1941 
230 337 367 370 349 474 747 983 389 701 1072 1353 506 865 1468 1966 
50 126 152 207 275 499 712 820 479 877 1181 1485 649 1295 1731 2179 
99 261 409 627 279 576 920 1359 346 681 1035 1658 431 1009 1508 2266 
63 234 424 456 126 419 694 737 166 635 1117 1370 335 888 1469 1734 
246 493 724 895 372 790 1157 1521 581 1145 1633 2035 714 1289 1950 2548 
182 290 519 765 412 578 808 1068 647 1022 1476 1884 684 1126 1740 2175 
58 193 391 576 108 321 641 829 333 790 1151 1441 588 1260 1664 2135 
67 83 254 295 141 330 556 650 267 479 906 1163 358 676 1293 1699 
241 374 452 488 452 786 903 1119 641 1056 1200 1604 681 1166 1423 1934 
86 115 263 423 288 520 882 1114 514 905 1502 1795 523 1083 1891 2435 
46 79 110 112 280 383 596 765 431 743 1055 1415 454 979 1333 1802 
242 432 446 634 379 797 815 1111 510 1167 1354 1791 662 1443 1766 2402 
158 325 526 662 395 689 938 1207 476 917 1234 1607 580 1132 1663 2126 
45 273 295 478 245 499 556 814 254 712 985 1405 327 881 1259 1910 
7 57 168 413 184 393 626 873 235 634 974 1376 280 744 1330 1823 
37 49 67 304 76 141 215 500 77 159 443 802 190 331 664 1144 
109 270 380 411 173 566 709 855 339 872 1030 1388 544 1082 1287 1887 
17 82 305 361 135 224 552 727 176 324 846 1175 295 686 1227 1784 
148 277 280 493 253 419 494 723 430 683 986 1342 522 794 1210 1676 
84 165 331 533 189 285 516 864 264 363 638 1180 511 674 1115 1796 
193 363 459 502 400 739 894 1065 400 770 1180 1444 450 933 1546 1944 
194 307 387 430 323 581 850 1097 472 963 1374 1761 513 1056 1490 2112 
222 342 364 537 255 456 524 730 367 613 807 1175 525 844 1078 1542 
187 307 446 506 196 388 535 753 246 588 777 1086 448 856 1115 1593 
186 278 364 583 359 583 921 1169 537 884 1413 1741 733 1311 2017 2472 
95 155 342 447 228 483 677 965 317 622 834 1158 433 827 1244 1614 
181 216 225 324 349 389 526 715 477 581 888 1146 516 711 1214 1607 
152 280 520 549 219 594 1046 1232 260 865 1510 1853 323 1070 1918 2506 
177 389 477 566 395 823 1090 1269 419 941 1367 1610 604 1226 1851 2175 
228 411 521 560 402 651 957 1212 443 825 1248 1607 462 909 1425 1981 
21 202 232 471 163 554 658 1063 211 835 1169 1807 288 1085 1478 2165 
100 269 358 377 336 534 858 898 499 793 1242 1464 660 1173 1745 2150 
144 298 464 494 252 646 1009 1195 470 1035 1531 1756 559 1316 1901 2315 
106 284 492 578 313 678 993 1193 341 938 1294 1683 536 1297 1769 2242 
62 89 203 373 73 155 339 738 300 586 783 1242 440 828 1274 1979 
24 226 302 533 157 542 708 1100 317 833 1094 1585 356 1083 1527 2120 
238 280 296 546 335 464 703 1021 370 735 1102 1595 452 939 1472 2071 
68 310 392 593 238 652 841 1116 285 901 1263 1624 442 1159 1709 2210 
143 348 482 722 179 485 672 983 261 748 1181 1656 308 951 1399 1989 
143 240 301 358 156 421 613 730 270 583 921 1053 419 811 1304 1472 
28 61 82 146 163 270 426 707 418 650 931 1259 444 816 1259 1756 
237 460 686 936 372 696 976 1475 521 1046 1335 1877 545 1234 1602 2196 
198 298 414 491 372 723 877 1128 492 1006 1381 1778 540 1181 1615 2041 
95 124 148 378 225 332 580 834 248 588 903 1204 389 875 1289 1673 
247 462 622 787 457 870 1113 1353 563 1024 1488 1882 739 1225 1872 2281 
54 261 506 691 84 504 958 1196 274 714 1269 1583 440 1080 1794 2265 
160 224 291 405 166 380 636 862 365 734 1000 1345 545 1108 1508 2087 
145 268 431 606 226 465 857 1047 362 675 1158 1395 380 944 1631 2046 
59 74 111 176 225 466 681 855 350 779 1222 1445 476 1011 1482 1721 
229 420 611 665 281 636 897 1139 519 1035 1531 1774 675 1375 2050 2508 
199 415 440 549 386 805 1048 1213 521 1130 1479 1650 561 1304 1675 1860 
69 282 350 471 191 542 664 889 235 619 846 1271 452 865 1252 1838 
245 430 444 620 377 795 1042 1229 544 1045 1309 1704 761 1301 1787 2212 
253 287 439 558 426 666 1041 1377 665 978 1514 2051 767 1145 1787 2415 
250 370 382 508 347 712 862 997 419 939 1306 1474 614 1317 1747 2107 
217 432 487 621 382 619 769 1052 477 715 959 1439 543 981 1258 1799 
64 109 296 458 98 212 570 838 323 569 1066 1498 382 830 1427 1879 
162 317 472 543 339 744 1119 1207 590 1053 1642 1792 592 1302 2014 2231 
36 90 319 389 160 358 763 926 180 437 843 1085 186 544 1049 1459 
0 254 493 670 249 707 1140 1561 255 866 1349 1779 399 1183 1742 2353 
228 277 528 624 421 642 1082 1391 652 1063 1539 2085 687 1233 1858 2439 
134 267 479 606 215 499 826 1040 263 713 1136 1542 346 968 1508 1969 
221 334 485 643 250 447 713 875 268 616 1124 1339 299 782 1378 1758 
12 57 93 186 208 404 621 958 269 486 883 1365 463 722 1319 1960 
155 251 313 497 335 608 858 1241 408 855 1357 1844 462 994 1509 2062 
130 179 339 409 330 464 682 758 436 808 1177 1297 460 927 1500 1799 
191 201 308 424 378 428 594 714 592 697 971 1103 732 958 1311 1457 
170 409 493 608 238 619 824 1113 363 760 1184 1622 474 1038 1535 2020 
177 357 520 628 397 799 1075 1362 418 1041 1508 1957 505 1142 1785 2235 
253 258 374 439 400 642 998 1079 653 1098 1620 1810 767 1451 2129 2354 
163 226 369 497 192 255 449 627 414 719 1125 1356 415 853 1313 1798 
138 309 373 402 290 509 619 798 541 972 1085 1373 736 1326 1583 1973 
222 253 483 734 254 310 585 1090 266 324 650 1168 401 564 901 1436 
20 95 141 314 143 310 423 714 191 428 768 1302 420 772 1202 1931 
147 211 401 580 237 536 903 1184 474 1001 1483 1880 551 1204 1819 2314 
202 382 397 466 218 480 683 817 370 791 1046 1305 389 952 1271 1696 
207 461 550 591 440 704 936 1192 678 944 1251 1566 806 1281 1745 2134 
133 305 449 598 387 635 993 1292 622 881 1258 1811 775 1117 1658 2315 
81 334 479 538 88 373 536 840 122 500 712 1179 168 752 1201 1847 
123 248 321 442 324 480 569 871 366 557 825 1323 485 764 1076 1774 
85 275 278 371 307 518 603 697 422 764 1013 1268 504 991 1325 1785 
15 173 243 459 204 448 659 1107 326 635 1018 1707 479 1004 1572 2499 
150 339 414 531 360 707 900 1086 393 766 1190 1491 564 997 1485 1972 
218 353 500 651 439 606 880 1118 536 746 1092 1580 540 752 1331 1973 
191 243 258 403 401 586 816 1205 560 935 1268 1732 810 1353 1691 2367 
47 199 306 318 232 619 826 864 254 813 1041 1105 428 1241 1650 1823 
50 246 501 506 124 534 1038 1276 272 778 1334 1714 280 844 1498 1933 
210 415 483 622 394 767 1001 1347 478 1038 1505 1854 663 1381 1960 2544 
99 210 450 623 168 512 902 1292 242 789 1282 1754 247 995 1626 2313 
151 357 456 535 269 484 613 894 465 688 1022 1428 631 916 1354 1769 
173 262 444 687 239 405 791 1174 263 481 1090 1502 516 839 1692 2252 
55 142 370 543 151 240 587 796 161 319 827 1213 292 460 1154 1588 
99 212 247 412 289 642 727 1106 325 695 1023 1435 447 1048 1558 2147 
63 217 311 470 219 586 876 1202 245 713 1091 1574 356 842 1426 2119 
131 372 492 557 356 767 910 980 543 964 1146 1269 785 1427 1839 2011 
119 187 395 414 144 360 754 825 394 628 1231 1407 431 824 1487 1831 
145 325 559 673 239 420 774 913 251 591 1023 1416 375 767 1246 1882 
120 375 381 526 268 716 919 1206 479 1078 1528 2063 533 1183 1794 2528 
231 370 428 497 371 688 840 1061 452 941 1243 1669 676 1362 1856 2370 
197 395 629 718 332 705 1170 1350 402 997 1545 1850 420 1259 1875 2429 
127 253 316 328 175 458 685 826 249 591 896 1079 249 605 1041 1421 
213 322 352 444 241 355 568 759 469 594 1031 1468 724 885 1561 2125 
163 209 348 559 367 460 684 917 473 729 1017 1357 651 1102 1438 1913 
48 127 354 431 132 366 769 902 298 676 1125 1423 478 886 1371 1756 
76 251 294 318 299 602 691 788 334 748 1017 1327 384 1027 1388 1797 
52 116 292 428 271 431 800 1065 511 910 1317 1746 524 998 1657 2176 
250 289 403 620 417 617 766 1185 433 848 1157 1642 621 1288 1762 2487 
60 145 266 289 241 384 657 845 282 616 963 1206 292 696 1188 1435 
109 112 334 354 273 277 721 921 489 619 1310 1659 612 898 1722 2254 
242 496 703 870 298 655 939 1204 336 844 1281 1594 557 1107 1597 1984 
45 64 158 368 65 144 372 818 252 456 813 1313 278 489 1083 1595 
5 193 372 434 41 229 568 704 192 437 899 1151 291 712 1364 1760 
195 223 321 536 284 545 838 1073 386 716 1083 1446 462 847 1354 1798 
244 308 451 475 308 419 660 900 412 744 1061 1504 553 896 1305 1828 
39 229 268 396 206 631 818 960 254 901 1230 1496 276 950 1484 1760 
91 184 218 373 231 456 605 1005 329 746 1087 1726 532 977 1382 2263 
219 322 437 567 301 411 670 930 531 672 1185 1697 589 934 1453 2114 
41 81 129 310 213 417 635 830 313 624 1096 1338 448 821 1326 1666 
165 313 542 790 321 586 937 1315 469 855 1332 1916 538 1056 1632 2326 
172 320 355 443 228 582 720 964 285 740 1081 1517 448 1139 1515 2023 
129 137 201 230 254 449 672 719 306 530 977 1145 467 759 1437 1682 
216 226 391 407 432 454 791 824 545 686 1233 1286 644 1030 1670 1951 
253 410 411 533 341 658 799 1061 530 956 1102 1458 707 1369 1686 2179 
247 328 481 688 340 490 868 1282 528 857 1462 1907 696 1089 1698 2308 
222 227 258 312 388 565 791 944 413 790 1210 1565 594 1080 1583 2110 
190 426 549 577 239 567 925 1190 254 788 1158 1606 269 819 1281 1966 
22 146 181 369 62 416 482 735 237 816 893 1246 316 989 1082 1448 
74 213 254 377 306 465 610 980 533 808 1128 1740 666 952 1495 2262 
135 137 224 399 368 488 815 1142 456 827 1406 1900 545 928 1687 2344 
151 373 403 530 393 749 898 1238 644 1038 1386 1854 693 1253 1628 2281 
169 283 387 533 401 604 750 960 485 726 1103 1487 535 932 1390 1975 
122 234 307 415 368 672 811 1160 598 911 1163 1535 774 1227 1687 2148 
254 311 546 777 400 478 752 1213 459 552 974 1544 630 953 1429 2036 
86 213 358 434 149 487 694 807 370 883 1151 1405 430 956 1454 1766 
70 279 312 528 300 582 806 1055 388 753 1119 1371 445 1006 1412 1807 
68 253 473 604 209 420 809 1046 410 851 1487 1729 653 1315 2015 2315 
174 271 289 437 344 650 849 999 381 754 958 1202 388 806 1248 1567 
231 433 640 756 459 781 1210 1499 553 1088 1696 2066 731 1509 2256 2722 
84 242 486 741 195 522 767 1170 431 765 1253 1899 483 1042 1593 2266 
171 185 328 471 305 428 631 1002 371 733 989 1604 597 1152 1492 2162 
95 167 221 427 336 463 616 1043 398 611 973 1515 453 682 1186 1954 
30 60 173 337 169 372 621 991 326 718 1161 1658 452 867 1492 2210 
95 331 503 584 131 382 600 779 232 738 1169 1504 247 853 1410 1790 
130 369 578 591 286 614 1042 1112 309 795 1408 1627 490 1087 1815 2054 
92 123 224 352 138 317 644 919 285 648 1022 1460 313 849 1431 2027 
156 318 489 545 407 704 989 1063 444 784 1237 1529 598 965 1656 2194 
58 142 260 364 290 463 832 1059 307 522 921 1193 522 976 1578 1965 
145 263 434 574 398 545 875 1049 470 688 1270 1671 568 1021 1820 2377 
63 143 147 186 232 567 733 958 273 801 1198 1423 449 1155 1667 1957 
40 70 275 313 100 238 515 685 279 486 866 1057 327 599 1156 1458 
145 326 476 534 325 562 956 1235 574 1030 1645 2093 715 1251 2100 2729 
111 295 514 685 147 367 633 1020 252 623 1126 1666 468 998 1509 2154 
84 242 405 414 298 607 1000 1217 412 917 1431 1903 432 1037 1731 2334 
28 172 218 282 208 446 516 609 453 697 949 1247 618 1052 1358 1905 
92 309 311 361 204 654 658 934 377 951 1180 1649 601 1324 1622 2343 
37 152 212 429 246 446 752 1167 337 709 1162 1577 443 1016 1718 2331 
162 414 663 681 391 894 1387 1551 510 1226 1802 2053 617 1485 2144 2539 
12 156 262 483 241 481 751 1036 254 549 883 1287 255 607 1003 1570 
53 108 290 316 103 328 682 878 231 456 811 1242 383 693 1171 1766 
229 458 588 790 299 566 706 991 392 733 1075 1454 523 872 1216 1780 
63 247 458 572 161 473 712 1052 289 630 1074 1438 403 817 1450 1901 
46 109 142 258 147 253 485 795 264 516 781 1340 418 705 1148 1925 
219 352 428 489 224 461 569 763 357 831 1097 1539 411 976 1321 1864 
154 267 484 739 310 584 994 1267 361 861 1282 1760 366 1055 1643 2345 
66 309 339 411 157 462 697 994 200 612 1064 1459 398 850 1501 1992 
153 313 408 462 218 411 578 748 221 497 730 909 237 746 1212 1473 
221 228 382 438 290 401 580 749 501 854 1244 1567 528 1035 1675 2178 
58 148 382 506 181 321 795 1045 314 504 1113 1512 342 645 1486 2134 
120 250 299 489 354 559 655 1035 415 622 806 1274 571 860 1057 1739 
172 419 501 540 214 528 776 990 331 690 1007 1366 489 893 1348 1730 
175 363 576 730 182 374 675 897 188 556 1014 1398 190 728 1306 1865 
161 364 578 781 175 502 839 1173 345 864 1222 1628 582 1260 1713 2275 
91 143 197 295 147 341 562 722 209 471 916 1141 447 798 1483 1851 
36 234 325 375 103 515 787 1074 253 867 1192 1610 359 1122 1478 2093 
201 287 327 329 429 722 826 863 448 774 978 1016 570 980 1328 1524 
26 261 469 562 219 587 869 1049 299 795 1295 1661 320 1066 1693 2281 
80 247 471 523 198 398 709 898 264 651 1100 1477 279 693 1232 1651 
6 48 183 383 181 433 599 1054 263 765 1116 1674 507 1066 1486 2112 
224 262 382 469 295 541 885 1109 434 787 1200 1579 568 1080 1690 2209 
201 277 361 481 231 423 627 859 341 582 1001 1331 447 717 1302 1707 
67 97 259 397 305 465 646 906 542 790 992 1367 789 1255 1457 2024 
38 122 178 247 238 498 735 858 464 865 1254 1453 634 1097 1637 2073 
93 150 269 344 281 476 792 1036 507 920 1265 1726 687 1129 1627 2307 
113 322 354 412 243 665 809 967 341 772 1092 1262 412 915 1484 1818 
129 241 481 542 379 672 1143 1424 523 820 1472 1821 556 931 1614 2109 
32 95 299 461 53 177 387 668 123 429 771 1193 377 808 1200 1750 
238 272 461 693 453 651 1037 1372 621 941 1499 2035 822 1345 1995 2764 
11 51 190 222 112 297 587 790 183 395 742 1015 336 655 1200 1608 
141 272 383 483 181 364 679 987 356 659 1128 1556 423 972 1538 2044 
30 266 376 508 155 397 554 882 188 534 701 1215 399 953 1185 1795 
84 261 458 582 313 635 908 1180 322 874 1159 1507 542 1203 1643 2242 
89 98 225 439 104 287 569 832 127 475 992 1489 245 638 1230 1929 
222 238 308 503 383 545 703 1068 504 766 1170 1620 714 1121 1605 2098 
155 362 364 534 281 645 866 1185 347 910 1258 1761 591 1356 1834 2547 
218 418 567 690 309 746 932 1267 391 856 1083 1454 564 1151 1457 1900 
73 154 397 596 311 598 933 1181 460 967 1535 1920 626 1241 1900 2414 
52 293 545 688 274 549 900 1091 336 752 1187 1613 343 923 1410 1916 
245 284 308 536 490 645 690 1057 570 979 1044 1658 676 1197 1382 2155 
97 213 259 322 247 509 667 942 278 736 1086 1399 382 1084 1552 1959 
27 169 235 251 30 259 480 579 115 520 815 1106 147 746 1136 1556 
55 196 388 593 86 275 629 896 331 618 1072 1432 417 923 1564 2037 
105 358 487 595 189 471 792 1070 394 686 1113 1628 599 1092 1629 2148 
86 132 341 459 181 342 731 933 394 580 1146 1391 638 933 1655 1993 
106 136 338 529 165 333 640 839 313 692 1244 1540 469 947 1600 2138 
145 200 304 544 315 399 571 939 369 699 1042 1452 468 870 1348 1963 
102 183 323 484 321 647 956 1229 521 1005 1523 1896 522 1061 1666 2185 
110 301 432 456 330 720 1003 1045 519 977 1320 1394 659 1313 1894 2210 
21 143 290 531 133 315 559 856 351 583 984 1500 456 932 1442 2173 
179 419 659 803 363 739 1141 1402 567 1166 1718 2067 730 1461 2087 2620 
254 475 644 754 279 510 846 1199 340 639 1181 1700 396 755 1423 2177 
44 154 277 505 290 430 643 1066 543 923 1163 1746 659 1141 1469 2166 
67 69 294 387 79 217 522 688 283 452 997 1167 374 653 1437 1742 
220 327 435 645 357 662 919 1263 539 1021 1316 1702 562 1170 1621 2097 
128 253 436 577 133 266 663 1013 172 503 1113 1593 224 752 1371 1867 
48 165 392 577 107 344 634 1060 148 486 803 1293 375 897 1369 1959 
53 135 376 435 143 424 677 865 285 792 1048 1430 452 972 1439 2036 
130 312 456 646 176 565 884 1162 228 820 1291 1592 359 1002 1596 2081 
134 242 485 709 186 294 635 1053 412 621 1094 1649 526 822 1391 2191 
13 253 432 492 204 542 869 1172 249 631 968 1447 345 861 1303 2012 
242 334 532 570 334 466 896 996 476 717 1346 1446 672 952 1826 2136 
23 191 205 419 34 364 579 849 240 782 1230 1546 330 954 1422 1814 
174 393 508 519 177 487 675 831 377 704 1038 1335 433 895 1324 1701 
48 157 195 254 63 412 565 845 259 700 865 1175 433 906 1177 1580 
251 472 576 831 308 706 954 1210 502 934 1324 1831 672 1341 1806 2531 
90 203 224 329 187 436 528 670 416 748 907 1196 531 1037 1436 1836 
139 227 337 533 149 491 799 1199 182 608 1115 1718 248 692 1364 2123 
132 318 324 553 198 461 478 746 358 699 903 1190 610 1122 1456 1879 
4 244 320 334 243 501 795 825 346 766 1279 1478 526 1074 1656 1911 
58 133 163 287 210 326 520 700 329 540 810 1106 339 756 1278 1588 
191 263 291 465 282 601 819 1187 435 907 1232 1677 460 1108 1567 2095 
252 416 623 771 457 736 1148 1364 667 971 1567 2004 898 1382 2213 2816 
253 261 345 433 508 534 644 884 679 838 1177 1613 732 998 1360 1845 
15 246 444 664 105 483 714 979 277 872 1113 1525 419 1259 1558 2109 
253 395 622 874 414 809 1184 1512 544 1061 1453 1964 773 1330 1955 2711 
15 190 399 505 81 498 858 1202 285 863 1352 1786 435 1200 1918 2500 
74 274 418 653 271 508 707 1013 430 739 1192 1630 543 1083 1657 2223 
150 225 459 675 211 415 847 1072 245 521 1052 1462 248 596 1204 1691 
16 237 293 506 18 351 435 809 202 562 684 1099 204 723 1015 1583 
234 382 495 535 256 460 622 718 384 737 1140 1367 605 1020 1632 2097 
28 37 232 262 149 382 769 849 400 863 1341 1674 533 1001 1629 2074 
154 162 314 490 218 427 811 1179 312 739 1190 1618 336 783 1276 1756 
30 267 350 501 235 491 775 1126 484 777 1259 1736 526 911 1631 2304 
100 234 350 514 180 407 623 961 235 630 1080 1497 423 838 1420 2055 
2 217 331 538 236 510 776 1210 332 700 1063 1636 518 966 1408 2012 
214 410 605 643 247 483 891 1017 455 882 1457 1723 667 1137 1815 2295 
2 219 384 620 22 300 672 1025 177 504 876 1315 306 712 1201 1727 
19 75 201 253 115 254 520 620 133 324 779 1109 228 455 1098 1526 
253 351 429 446 412 540 752 828 491 753 1110 1394 705 973 1369 1886 
62 227 257 416 310 645 882 1052 532 1007 1485 1717 708 1357 1995 2400 
16 254 445 620 28 335 760 1026 232 662 1130 1558 361 874 1481 2101 
248 417 512 753 332 547 894 1185 519 971 1430 1828 674 1142 1626 2195 
255 471 562 573 284 569 763 1007 477 908 1241 1551 706 1160 1495 2027 
192 289 496 516 336 636 914 1009 520 1003 1463 1642 720 1410 2125 2503 
167 257 467 664 327 474 858 1152 531 736 1283 1754 612 983 1673 2161 
7 101 139 290 48 251 515 892 84 440 758 1371 188 597 1094 1723 
144 278 491 539 335 600 958 1145 524 841 1260 1461 742 1263 1714 2141 
43 113 234 318 222 384 559 858 467 737 1108 1500 629 1018 1498 1940 
253 319 417 606 451 760 930 1250 490 932 1248 1570 572 1192 1736 2183 
248 341 550 721 433 534 873 1218 549 720 1071 1438 739 1031 1454 2008 
188 358 478 608 345 708 833 1160 415 929 1253 1732 488 1173 1518 2062 
8 239 475 669 247 589 937 1230 428 894 1364 1772 674 1334 1851 2437 
109 276 328 338 213 437 696 881 422 796 1126 1337 487 954 1376 1661 
68 140 152 203 251 447 609 769 500 712 1098 1497 711 938 1485 1948 
183 396 470 501 197 436 716 970 373 634 1164 1660 488 835 1425 2104 
158 230 464 550 354 554 983 1258 499 862 1463 1838 678 1118 1883 2364 
34 272 409 458 42 368 521 755 152 488 812 1271 248 815 1291 2005 
47 177 262 505 49 203 465 855 236 483 992 1492 407 809 1534 2239 
138 236 490 636 324 437 766 952 349 708 1046 1354 570 1090 1549 1869 
35 241 241 278 265 648 833 1031 279 838 1039 1422 355 1146 1482 2079 
74 207 311 315 222 535 683 861 392 758 946 1260 606 1133 1469 2032 
111 259 290 375 180 544 821 990 316 686 976 1357 555 1073 1533 1971 
26 45 107 281 225 350 504 791 385 642 1045 1450 422 821 1336 1889 
34 177 410 514 137 504 925 1268 367 935 1552 2108 461 1139 1771 2447 
129 206 244 316 312 520 744 903 319 706 1136 1340 384 833 1456 1760 
205 376 580 632 344 651 890 1055 425 963 1273 1613 511 1135 1484 2039 
163 241 273 363 372 668 878 1184 513 937 1152 1665 703 1326 1592 2244 
114 369 560 813 249 730 1031 1500 451 1113 1550 2051 462 1299 1983 2658 
253 276 285 491 494 704 880 1213 553 935 1189 1771 668 1179 1565 2376 
128 195 421 428 165 313 762 1008 171 422 886 1150 194 452 1108 1392 
30 231 458 474 162 501 871 1078 216 776 1330 1707 310 930 1627 2226 
127 241 470 635 322 632 1009 1375 366 840 1436 1869 537 1167 1850 2484 
101 159 376 610 297 459 845 1330 366 626 1177 1825 524 836 1516 2194 
166 268 463 568 209 398 644 836 460 663 1063 1421 630 1074 1586 1960 
44 117 367 607 222 458 943 1430 227 607 1247 1898 424 832 1666 2424 
131 264 477 651 351 492 710 1100 373 673 1017 1600 517 1055 1608 2379 
56 259 432 666 166 521 919 1269 207 686 1108 1696 360 1057 1568 2184 
95 141 343 402 149 402 623 759 259 658 893 1283 387 1009 1431 2005 
170 274 436 460 170 406 708 773 170 570 895 1113 296 809 1315 1754 
159 286 311 525 237 408 468 870 427 647 894 1359 443 781 1275 1926 
222 376 586 808 252 501 719 971 255 535 937 1319 399 788 1285 1715 
237 357 363 422 402 563 817 975 492 832 1248 1512 533 1027 1479 1750 
52 298 527 609 137 620 961 1132 150 673 1233 1561 300 881 1646 2105 
179 390 580 668 431 824 1201 1375 536 1023 1592 1912 784 1499 2221 2585 
219 346 472 520 327 692 955 1124 350 815 1101 1443 509 1202 1536 1960 
184 422 592 772 349 688 869 1063 544 1086 1428 1809 720 1320 1893 2413 
185 286 473 511 269 439 785 930 438 790 1160 1377 593 1017 1541 1841 
54 122 129 348 224 310 551 879 446 671 953 1423 643 884 1191 1788 
118 330 495 697 143 423 641 1038 394 751 980 1527 543 1066 1528 2278 
234 474 641 789 237 622 791 1164 265 693 973 1571 324 888 1264 2039 
92 97 220 338 166 347 527 714 419 668 1067 1400 653 1098 1591 2137 
180 185 290 473 330 442 699 1060 480 599 1003 1574 623 986 1521 2328 
249 504 602 669 424 834 1068 1308 647 1156 1453 1895 686 1352 1808 2470 
162 170 317 373 278 330 711 777 329 507 1108 1369 443 717 1493 1861 
95 112 287 301 267 339 701 854 422 745 1192 1539 574 1141 1746 2152 
253 303 418 531 347 491 729 987 567 799 1121 1457 751 986 1493 1852 
20 124 161 353 180 509 622 873 400 890 1256 1623 550 1196 1737 2251 
206 241 245 289 335 497 690 827 550 730 1094 1374 571 851 1381 1703 
205 409 643 752 378 636 1038 1284 594 1017 1672 2028 659 1255 1911 2282 
208 213 272 353 340 594 827 1000 351 694 1162 1367 540 1029 1571 1914 
94 147 394 405 201 413 808 886 270 627 1199 1411 332 867 1589 1815 
183 392 487 547 385 607 854 1127 487 840 1333 1642 508 925 1592 2016 
117 283 409 634 186 370 532 895 350 748 927 1516 486 1051 1471 2124 
120 200 324 391 214 314 462 725 365 479 859 1295 444 709 1121 1753 
61 220 385 515 238 599 777 992 398 789 1023 1278 595 1027 1365 1681 
121 349 477 692 369 750 1034 1393 536 1049 1394 1999 563 1169 1701 2394 
252 348 567 741 294 622 844 1220 300 687 1152 1731 400 878 1351 2152 
64 201 382 438 98 316 697 954 312 535 1108 1606 411 757 1404 1997 
219 256 269 275 232 286 507 532 308 557 1000 1202 339 818 1404 1701 
111 179 330 475 261 425 667 920 362 553 888 1341 512 870 1245 1811 
204 257 376 593 274 399 754 1118 285 612 1035 1441 462 1000 1560 1998 
23 56 234 407 152 198 401 804 192 357 735 1328 222 602 1027 1855 
12 179 375 458 251 595 1021 1354 374 760 1223 1600 627 1187 1727 2124 
207 462 656 736 219 693 942 1074 301 1005 1496 1741 490 1227 1810 2256 
200 232 260 443 409 443 649 909 453 702 1029 1330 586 1033 1422 1808 
197 197 362 571 416 636 806 1061 610 1077 1406 1788 635 1353 1755 2362 
27 128 281 518 131 307 518 903 165 520 921 1473 287 894 1547 2162 
252 414 431 646 378 562 584 864 392 740 954 1273 551 908 1130 1636 
111 272 440 655 347 734 1009 1238 496 924 1381 1625 533 1139 1675 1952 
84 180 429 640 202 552 821 1164 365 927 1367 1776 587 1329 2022 2508 
85 250 286 352 220 528 644 739 405 719 879 1196 590 1027 1187 1517 
219 468 692 774 466 959 1397 1633 667 1290 1949 2352 721 1562 2465 3007 
128 152 357 364 295 349 590 693 331 466 770 1094 535 733 1272 1764 
56 259 509 556 248 659 1111 1295 330 908 1408 1728 459 1073 1593 1914 
60 285 294 521 315 585 662 925 441 842 920 1258 635 1272 1593 2181 
184 421 462 582 373 853 895 1031 527 1056 1250 1414 612 1313 1536 1845 
142 180 296 437 226 448 741 1092 285 686 1008 1612 444 861 1430 2121 
253 286 493 680 273 514 924 1286 274 614 1227 1675 290 862 1706 2312 
15 107 150 249 35 348 444 623 179 575 748 974 278 743 1051 1374 
102 188 216 338 141 458 527 689 215 776 972 1224 436 1099 1543 2031 
194 230 309 524 195 363 481 841 410 694 1004 1423 595 950 1416 1866 
158 342 496 693 317 696 1087 1517 501 988 1447 2026 712 1259 1847 2575 
96 304 412 509 180 535 885 1026 188 722 1175 1509 438 975 1653 2139 
187 310 403 493 249 447 607 943 432 765 1064 1538 628 973 1304 1814 
220 360 494 543 252 512 739 828 295 751 1211 1338 494 1152 1802 2059 
69 97 317 449 172 231 573 735 339 404 915 1184 357 623 1277 1785 
85 106 138 255 227 373 562 864 292 573 985 1295 373 812 1362 1823 
186 288 315 348 319 570 660 737 474 957 1198 1449 651 1173 1571 1829 
60 249 373 575 118 333 589 914 279 593 980 1547 280 607 1131 1885 
115 279 499 747 173 365 622 1083 177 557 945 1588 404 816 1393 2068 
221 278 512 535 304 471 851 1118 514 702 1313 1791 548 848 1602 2229 
21 128 270 349 156 442 620 839 267 721 965 1267 467 1176 1535 2003 
56 149 338 478 260 433 750 1048 361 637 1067 1501 577 853 1312 1983 
108 279 339 582 202 469 656 1105 210 670 890 1548 402 1010 1349 2256 
241 293 426 615 373 430 654 1077 482 744 1082 1574 687 1092 1480 2029 
59 169 214 367 265 547 695 1063 375 793 1109 1523 403 852 1207 1635 
83 255 458 674 261 472 869 1116 505 768 1265 1705 700 1113 1861 2555 
4 44 196 406 216 511 832 1108 352 728 1162 1602 464 992 1604 2240 
69 195 351 598 234 454 632 1032 380 722 990 1475 396 823 1175 1680 
125 361 591 673 360 740 1118 1315 585 970 1372 1651 743 1330 1754 2260 
72 250 468 705 88 506 858 1257 194 837 1436 1957 248 966 1707 2408 
55 171 177 212 59 329 485 750 219 663 875 1202 340 862 1107 1627 
0 251 426 442 235 539 892 993 257 730 1290 1468 502 1068 1629 1851 
209 216 295 509 370 607 874 1153 518 999 1393 1685 584 1225 1826 2184 
155 281 363 497 334 464 765 1101 507 807 1131 1629 514 838 1369 2084 
31 61 236 428 35 172 349 694 130 396 739 1245 164 547 1117 1812 
243 296 364 531 300 384 565 962 502 722 1040 1646 662 970 1458 2255 
118 207 334 457 314 532 679 837 317 721 1064 1259 365 936 1505 1735 
220 258 460 481 290 387 841 878 485 715 1394 1530 706 1076 1789 2008 
229 391 597 767 264 652 1063 1271 421 955 1441 1854 478 1058 1784 2219 
84 271 314 468 330 556 769 1109 502 868 1110 1587 526 956 1419 2149 
226 397 564 569 368 656 867 915 375 782 1241 1353 540 1179 1724 2086 
163 293 441 595 332 525 757 997 535 841 1296 1763 712 1206 1885 2499 
104 240 393 639 357 690 876 1126 417 775 1029 1505 418 931 1405 2046 
29 141 204 402 204 463 554 874 208 719 903 1405 392 965 1222 1756 
198 424 446 641 365 646 867 1290 445 737 1156 1661 611 1065 1731 2431 
18 72 210 404 219 439 637 1036 381 755 1084 1574 597 1176 1628 2276 
175 321 418 505 376 562 718 831 427 614 878 1209 590 876 1297 1809 
153 192 311 409 359 578 744 954 437 835 1204 1452 565 1034 1599 1894 
217 254 388 550 294 524 846 1136 488 758 1170 1561 627 1145 1584 2011 
31 177 311 548 101 429 657 1042 206 575 989 1607 318 813 1251 1942 
163 322 558 798 259 586 935 1210 468 998 1483 1850 663 1356 1970 2564 
54 61 269 393 243 296 521 683 331 587 827 1189 405 701 959 1558 
199 453 675 714 365 698 994 1152 391 935 1443 1823 509 1138 1839 2391 
92 237 278 304 284 487 592 642 289 572 901 1030 409 934 1324 1516 
240 267 369 520 346 550 666 949 478 908 1122 1655 533 998 1379 2060 
181 389 563 680 191 637 952 1084 253 808 1218 1532 349 1060 1715 2109 
183 275 506 539 196 534 930 1108 412 758 1293 1487 455 851 1550 1968 
2 84 169 181 66 374 487 626 146 577 743 1058 169 643 809 1330 
135 367 606 754 357 737 1013 1343 513 1069 1543 2073 740 1402 2044 2803 
188 442 684 937 412 680 1046 1347 549 994 1584 2045 769 1439 2139 2699 
201 294 541 708 442 563 903 1212 647 804 1230 1715 789 1200 1775 2335 
252 387 459 680 401 732 817 1068 518 1087 1362 1695 725 1338 1794 2279 
137 310 373 496 338 667 739 1012 530 954 1096 1448 623 1267 1563 2005 
99 325 380 629 265 559 637 913 315 823 1010 1287 317 860 1200 1617 
208 424 431 584 325 557 612 818 436 786 973 1383 518 898 1123 1715 
0 93 268 434 162 453 822 1200 318 656 1239 1776 400 849 1475 2046 
72 122 310 499 138 424 854 1220 236 641 1196 1743 385 954 1616 2313 
1 27 87 250 225 505 685 973 271 629 837 1253 460 889 1260 1681 
121 216 410 597 196 472 774 1134 240 749 1149 1702 381 1095 1582 2278 
231 379 429 629 377 695 814 1206 625 1040 1224 1798 793 1436 1807 2414 
67 193 413 555 118 316 595 832 167 523 834 1262 274 750 1139 1650 
12 140 167 325 55 279 401 594 248 632 971 1269 380 913 1390 1887 
19 121 206 276 193 439 689 982 239 682 1090 1537 300 979 1624 2144 
109 117 349 501 213 292 711 904 444 672 1237 1537 486 742 1357 1718 
130 265 396 444 153 328 474 592 390 739 1109 1270 544 1098 1584 1752 
213 305 464 525 376 559 820 1019 616 1047 1553 1778 636 1106 1699 2074 
174 392 590 788 176 607 817 1254 307 974 1210 1677 492 1302 1575 2184 
235 432 635 778 267 513 741 900 308 569 839 1059 362 752 1233 1682 
91 244 415 508 201 537 784 1119 364 803 1066 1493 610 1102 1599 2251 
250 431 543 569 480 799 953 994 633 1036 1266 1514 846 1280 1690 1986 
184 279 420 458 206 519 684 907 271 624 810 1088 365 973 1183 1549 
180 317 432 586 199 493 777 1103 441 980 1387 1912 461 1048 1703 2432 
143 276 519 685 238 382 720 1046 290 551 1104 1576 406 907 1694 2207 
121 214 409 549 372 574 825 1202 470 851 1282 1778 697 1250 1748 2359 
50 104 129 274 116 290 365 628 353 536 619 980 602 1027 1249 1724 
80 158 412 487 267 399 709 814 501 869 1328 1638 654 1238 1761 2274 
15 104 196 277 225 456 747 1019 377 815 1139 1556 570 1180 1508 1942 
251 253 345 527 308 458 762 979 437 692 1236 1479 503 807 1580 1904 
138 203 365 457 346 516 706 902 402 633 1072 1517 636 1120 1570 2244 
0 103 258 315 252 467 714 896 469 760 1158 1367 594 1009 1515 1732 
189 203 303 444 308 450 795 1111 498 879 1393 1877 734 1295 1950 2670 
27 67 104 127 179 348 533 670 385 597 923 1135 552 1014 1423 1736 
8 192 434 562 64 480 769 1143 279 911 1358 1927 419 1094 1717 2454 
84 297 488 724 171 468 753 1026 298 831 1228 1540 528 1257 1794 2344 
124 250 360 540 226 510 791 1032 344 701 983 1227 461 995 1448 1893 
134 240 421 642 324 450 633 916 324 565 849 1362 379 861 1357 2049 
111 178 281 495 336 421 543 844 428 533 745 1255 625 735 1101 1687 
112 191 232 278 211 334 483 628 370 702 924 1283 564 926 1285 1694 
97 337 345 411 100 367 528 689 148 659 868 1274 397 1110 1384 1895 
25 132 284 409 176 287 663 842 390 543 931 1262 462 764 1354 1854 
133 343 578 714 371 713 1179 1345 491 856 1341 1621 716 1166 1870 2401 
192 307 427 514 312 515 776 941 442 798 1289 1656 488 1021 1627 2173 
131 225 285 398 358 487 690 894 417 709 1117 1349 665 1126 1557 1973 
28 171 186 334 260 559 800 1054 313 813 1107 1460 435 1103 1419 2025 
7 89 200 434 125 461 641 1052 286 641 1026 1590 474 1058 1524 2304 
116 212 321 413 368 543 851 992 392 819 1275 1562 556 1154 1754 2212 
253 508 657 772 506 980 1165 1439 744 1460 1701 2145 959 1813 2184 2703 
234 473 641 872 297 647 839 1157 404 927 1353 1686 492 1137 1750 2168 
121 201 402 520 164 481 703 846 387 782 1199 1524 603 1068 1487 2006 
53 223 392 508 78 442 815 1063 189 735 1255 1702 237 861 1409 2025 
159 388 419 621 370 652 911 1291 501 950 1314 1785 738 1294 1687 2193 
21 220 371 417 158 456 785 1079 183 550 1070 1437 331 917 1679 2097 
193 211 464 612 264 507 830 1180 401 819 1179 1647 427 911 1424 1939 
9 58 151 297 157 221 452 772 242 379 857 1410 279 650 1156 1939 
252 277 399 466 503 720 855 1054 615 882 1267 1604 731 1146 1717 2180 
197 220 236 325 236 414 437 650 464 897 1021 1243 697 1259 1622 2073 
154 259 299 448 196 354 419 722 299 477 578 1100 467 867 1057 1688 
246 352 550 579 251 563 914 1176 456 1022 1616 2060 583 1375 2124 2593 
76 271 446 564 324 719 910 1123 544 991 1240 1585 563 1158 1648 2002 
254 438 476 479 388 763 1037 1123 577 1175 1458 1604 771 1533 1901 2061 
103 107 239 334 308 460 782 1046 508 908 1276 1759 648 1079 1675 2296 
215 225 366 459 416 548 865 1092 505 822 1333 1587 598 939 1491 1941 
28 201 236 469 93 491 673 916 311 902 1313 1658 535 1328 1980 2509 
212 338 359 517 460 784 841 1081 587 1142 1308 1769 842 1548 1875 2363 
68 265 270 404 234 583 732 994 323 789 1169 1488 386 1068 1689 2028 
86 93 271 350 291 512 851 1006 480 715 1095 1438 645 1083 1679 2256 
144 365 477 531 261 482 777 1037 378 757 1059 1500 496 1124 1627 2272 
0 123 150 355 81 392 444 664 284 662 917 1249 298 839 1184 1674 
128 330 542 787 330 671 1078 1387 371 915 1567 2035 567 1301 2061 2725 
57 192 337 475 125 430 728 881 362 768 1193 1597 370 994 1572 2113 
164 274 400 511 413 589 890 1036 426 766 1261 1616 524 910 1554 2064 
182 220 257 507 390 619 665 1105 426 791 1022 1506 524 972 1384 1875 
193 245 363 549 311 400 739 1056 512 761 1184 1544 718 1200 1821 2313 
15 250 376 599 185 555 838 1267 201 658 1192 1735 371 1004 1659 2309 
228 467 504 594 248 490 748 1059 411 702 968 1392 437 934 1446 1911 
186 302 311 411 438 720 780 892 691 1019 1205 1484 913 1489 1693 2167 
231 287 316 568 290 597 843 1317 334 867 1192 1737 510 1112 1549 2200 
186 307 514 696 218 341 742 953 266 453 1051 1276 322 724 1531 1788 
15 254 282 356 249 733 801 897 464 1068 1229 1461 653 1463 1866 2217 
71 264 309 412 266 698 876 1222 314 820 1000 1450 347 1064 1380 1879 
194 358 481 653 348 676 994 1279 376 736 1303 1805 614 1210 1858 2414 
173 299 456 569 283 443 700 971 391 653 916 1329 449 854 1308 1973 
51 109 278 483 273 439 671 1126 413 635 1079 1657 449 708 1329 2117 
163 241 308 325 276 521 763 1001 290 717 1066 1376 359 828 1245 1675 
101 338 408 475 190 560 692 989 379 767 996 1519 434 840 1249 1990 
96 343 579 788 254 656 1067 1448 335 763 1418 1949 404 889 1559 2260 
38 123 360 488 256 384 723 1002 317 644 1104 1499 534 906 1445 1897 
36 95 106 301 250 495 617 852 462 807 1119 1379 619 1169 1676 2131 
34 211 278 530 254 600 815 1093 366 725 1082 1433 425 1005 1493 1939 
24 166 200 439 96 384 441 708 342 843 954 1368 505 1255 1452 2063 
170 324 518 653 237 477 832 1147 336 623 1231 1704 349 764 1626 2136 
14 46 66 152 192 267 402 656 193 437 631 1049 355 745 1044 1539 
44 87 299 410 173 333 580 920 337 530 908 1425 498 820 1413 2106 
162 397 403 487 185 541 800 908 219 631 1078 1383 421 870 1335 1886 
81 311 413 623 172 539 824 1289 342 768 1230 1771 530 1092 1806 2441 
115 117 296 434 239 417 758 1054 471 743 1183 1658 603 992 1601 2289 
91 106 273 455 244 354 703 952 398 611 1103 1438 637 989 1662 2095 
142 246 483 493 166 413 818 828 404 663 1247 1371 533 885 1540 1885 
108 346 493 498 185 496 716 952 361 888 1170 1565 461 1231 1515 2152 
91 330 582 697 217 620 987 1210 393 835 1424 1697 525 1004 1608 2121 
20 182 428 525 256 481 800 1053 279 639 1018 1394 401 823 1311 1900 
45 150 222 393 59 351 447 808 285 823 1159 1622 313 1106 1529 2040 
162 239 384 526 302 597 784 1089 399 796 1014 1538 563 1100 1494 2227 
246 494 619 623 426 823 1142 1296 565 1141 1713 2034 743 1403 2190 2595 
161 266 492 537 228 346 780 990 343 700 1262 1496 467 873 1668 2016 
41 143 261 482 292 450 684 1040 527 798 1078 1592 724 1001 1523 2139 
111 324 471 649 337 649 883 1146 420 948 1291 1761 429 1044 1452 1972 
189 372 388 573 428 743 823 1227 673 1098 1299 1889 789 1321 1554 2371 
64 243 393 427 86 502 772 911 283 928 1254 1599 343 1109 1436 2031 
48 65 244 276 197 457 887 1057 294 670 1168 1552 517 993 1676 2092 
23 102 168 213 84 349 566 613 244 716 1142 1409 317 999 1639 2027 
227 364 517 637 351 636 791 1133 359 714 1049 1623 529 993 1336 2103 
189 263 501 751 194 401 891 1306 279 691 1310 1883 438 938 1580 2283 
225 402 652 746 294 723 1033 1205 360 1029 1393 1801 453 1184 1721 2155 
136 292 312 453 169 342 412 671 391 744 834 1219 403 800 890 1512 
221 472 547 581 468 854 1041 1133 587 1139 1364 1669 815 1579 2043 2457 
112 116 366 511 133 182 440 828 358 435 806 1431 430 621 1210 1872 
109 147 219 319 282 504 734 871 377 796 1276 1480 530 1182 1838 2051 
237 408 562 564 453 786 1186 1373 644 1080 1646 1840 861 1425 2036 2300 
166 283 454 538 211 401 693 917 225 530 1030 1421 317 750 1426 1891 
43 118 194 197 280 421 685 860 450 689 1133 1439 677 1141 1787 2230 
86 203 424 555 276 479 716 1052 477 904 1257 1631 573 1037 1502 2016 
112 300 443 536 367 631 784 1046 541 995 1192 1599 700 1400 1624 2276 
107 355 475 517 186 570 937 1003 290 781 1210 1477 434 1099 1613 1880 
107 335 429 535 155 487 600 929 193 588 813 1339 247 781 1192 1879 
132 182 385 596 319 563 1001 1247 365 651 1325 1761 581 932 1797 2300 
38 67 240 326 171 392 618 875 171 558 896 1207 220 649 1202 1694 
92 255 391 414 193 472 667 837 351 669 946 1234 456 791 1254 1685 
46 149 378 557 86 216 539 758 279 615 1032 1493 527 916 1501 2046 
216 264 372 434 380 595 912 1040 586 836 1338 1521 638 1003 1703 1984 
218 390 411 413 417 704 767 905 482 905 1090 1285 672 1129 1456 1801 
83 333 545 792 244 660 930 1288 445 1104 1541 2153 547 1315 1848 2524 
25 143 210 434 258 485 656 923 504 958 1229 1676 509 1205 1550 2085 
236 267 347 488 433 602 935 1218 558 891 1364 1874 575 1145 1653 2206 
99 201 212 288 311 529 659 937 398 836 1092 1462 604 1242 1679 2236 
231 236 308 480 374 448 579 763 607 880 1250 1685 787 1078 1486 1944 
121 170 270 347 286 554 677 1006 469 886 1098 1561 562 993 1270 1802 
19 156 397 559 226 407 822 1168 470 808 1402 1916 645 1200 1986 2540 
11 47 164 340 266 442 732 1091 299 481 832 1318 319 627 1174 1699 
7 188 389 603 233 533 877 1305 253 619 1089 1712 281 709 1415 2077 
98 195 410 508 336 565 805 918 474 789 1171 1442 686 1083 1662 2152 
8 150 328 562 13 220 590 849 144 413 1004 1422 269 739 1528 2169 
42 200 265 289 76 324 429 626 252 682 862 1191 261 708 984 1330 
159 177 428 593 242 447 888 1267 491 851 1410 1907 591 1011 1656 2296 
218 369 536 789 460 818 1155 1570 594 1197 1573 2131 600 1338 1874 2598 
153 308 383 619 239 403 672 987 404 624 1091 1415 521 769 1388 1791 
179 243 319 484 194 504 652 966 430 851 1035 1591 676 1293 1629 2328 
95 322 445 626 332 620 748 1075 450 941 1224 1786 681 1224 1565 2281 
116 251 315 446 241 512 601 837 488 820 1001 1474 490 1066 1371 1941 
216 463 486 683 268 543 653 1020 499 1016 1275 1848 537 1262 1625 2352 
87 255 285 497 135 358 450 701 251 628 740 1109 393 914 1242 1713 
135 374 417 605 146 515 660 1090 263 884 1221 1806 467 1128 1519 2139 
209 293 540 541 348 485 773 1029 555 753 1159 1509 761 1037 1639 2074 
61 301 318 390 175 535 610 913 291 901 1107 1474 325 1120 1425 2035 
13 103 348 500 157 277 673 920 248 381 966 1254 339 602 1314 1754 
114 258 482 710 122 292 720 1072 142 391 1007 1414 150 430 1088 1516 
122 153 326 336 183 282 560 723 265 403 875 1211 434 637 1179 1542 
210 248 503 721 275 516 858 1161 301 561 1043 1380 352 795 1332 1842 
214 442 625 645 255 515 871 1014 326 697 1093 1476 503 984 1391 1905 
149 160 253 467 363 554 690 1145 563 938 1093 1799 674 1124 1447 2222 
47 142 231 319 174 275 575 862 292 645 1128 1454 398 946 1599 2180 
206 213 426 590 394 402 764 1060 579 756 1245 1581 823 1039 1637 2008 
134 333 457 462 339 617 945 1017 414 824 1258 1512 485 915 1530 1805 
28 167 352 568 168 386 663 948 416 853 1239 1760 418 1073 1474 2131 
161 300 441 552 380 609 928 1077 602 860 1399 1585 651 1055 1652 1915 
29 272 309 478 95 467 742 969 187 650 963 1284 240 757 1300 1836 
193 309 379 535 399 763 1028 1356 420 943 1417 1816 469 1003 1625 2102 
254 440 687 752 313 728 1098 1315 377 954 1570 1905 593 1391 2084 2572 
81 228 282 313 220 616 873 1065 372 924 1413 1807 539 1215 1728 2287 
54 70 300 414 299 413 653 821 303 417 829 1217 524 887 1416 1850 
140 311 388 411 304 499 760 844 484 839 1107 1282 513 899 1168 1426 
47 278 475 512 120 558 846 960 328 773 1102 1389 328 932 1481 1908 
74 115 278 517 140 273 480 965 392 576 865 1375 474 741 1139 1779 
58 108 275 407 60 112 488 830 69 372 875 1226 223 617 1269 1848 
133 189 400 599 281 592 992 1336 331 657 1227 1704 429 778 1355 1989 
74 248 281 357 250 666 729 990 487 1060 1317 1713 736 1396 1761 2283 
143 206 275 311 206 271 521 670 224 384 880 1145 343 756 1269 1727 
171 221 234 325 208 301 334 443 408 715 902 1204 453 766 1016 1507 
69 201 426 558 204 486 957 1242 449 967 1451 1844 683 1232 1761 2303 
81 139 380 498 182 245 623 787 402 500 1117 1290 443 588 1403 1686 
179 346 589 647 240 640 1094 1203 453 1078 1691 1991 453 1283 1981 2362 
7 77 277 386 82 233 588 736 198 487 891 1196 383 919 1334 1748 
159 413 580 800 390 767 949 1358 482 1034 1340 1841 606 1367 1846 2478 
23 140 380 479 221 477 855 1012 243 686 1279 1643 422 1092 1745 2191 
225 453 499 700 320 610 790 1178 557 849 1052 1545 769 1257 1696 2424 
58 279 357 357 162 600 737 863 310 766 981 1178 555 1149 1517 1929 
110 310 470 675 116 354 650 1098 156 553 941 1641 256 725 1345 2203 
37 91 249 391 52 323 493 799 288 649 1054 1585 517 1011 1600 2214 
77 165 198 281 203 460 563 813 276 695 961 1384 510 1068 1409 1848 
194 427 585 794 389 792 1067 1451 394 894 1313 1931 624 1197 1677 2346 
161 255 389 421 169 467 800 913 279 683 1270 1471 525 1002 1693 2078 
50 56 193 438 227 488 789 1216 323 637 1098 1595 449 984 1566 2094 
60 315 378 446 263 524 736 861 376 784 1141 1369 596 1254 1642 1884 
0 168 172 349 167 503 610 794 388 731 915 1190 617 1158 1465 1773 
197 383 484 628 390 826 1128 1322 531 1058 1513 1812 616 1327 1901 2285 
96 219 226 234 132 365 387 396 250 576 691 791 285 827 1066 1399 
146 371 492 575 365 657 911 1098 523 845 1308 1738 737 1131 1666 2151 
196 275 338 570 386 543 839 1123 557 784 1223 1714 587 825 1448 2116 
236 285 289 488 352 539 590 807 520 707 763 1107 592 857 1095 1451 
157 402 646 737 224 691 1078 1408 260 757 1334 1731 301 916 1737 2155 
167 415 635 663 297 556 822 893 308 619 1055 1210 438 845 1377 1563 
85 170 293 445 136 231 489 728 177 341 753 1074 364 670 1186 1606 
135 203 330 339 215 456 635 735 440 903 1257 1456 502 981 1466 1812 
101 355 399 551 109 542 825 1026 358 929 1344 1725 382 1189 1627 2167 
48 198 367 495 116 487 876 1041 304 814 1340 1755 459 981 1649 2064 
10 196 348 366 119 441 661 781 137 659 906 1068 317 889 1338 1728 
201 316 417 430 281 461 612 637 485 852 1010 1139 684 1200 1462 1800 
79 80 308 496 216 257 520 863 456 559 1019 1526 568 814 1410 1974 
2 239 309 392 48 406 571 905 100 560 824 1410 351 1014 1483 2143 
204 381 388 473 421 640 887 1173 525 926 1282 1784 594 1241 1615 2189 
227 315 470 488 436 774 942 966 533 983 1153 1269 592 1249 1586 1710 
129 303 396 486 345 597 726 880 349 746 899 1126 484 923 1221 1555 
131 175 300 384 170 352 567 787 420 694 1137 1410 464 877 1381 1827 
57 212 219 236 290 488 576 830 479 783 925 1247 627 1131 1448 1793 
244 288 396 423 426 668 939 1142 461 839 1340 1622 480 893 1646 2005 
190 193 287 454 237 416 658 1061 263 645 935 1512 410 1016 1504 2216 
12 62 225 420 260 380 658 880 466 675 1059 1507 591 902 1333 1840 
106 247 474 627 167 427 787 1027 233 674 1040 1493 382 1027 1486 2101 
254 254 355 601 324 540 659 926 374 714 1080 1522 601 979 1579 2098 
179 384 614 855 248 560 862 1238 280 670 1065 1623 306 882 1365 1947 
186 375 390 390 335 557 593 792 492 726 880 1207 542 873 1232 1789 
46 225 440 555 76 286 752 930 186 484 1195 1509 204 579 1451 1969 
10 186 390 549 219 621 928 1197 457 1080 1626 1928 519 1330 1883 2294 
112 334 558 700 365 806 1235 1484 416 1051 1724 2042 431 1215 1905 2248 
69 291 476 498 261 515 832 1028 514 883 1407 1663 562 1145 1838 2254 
180 317 363 541 281 670 745 1075 471 877 1174 1710 637 1282 1810 2581 
205 365 366 507 397 691 752 1083 646 951 1262 1634 872 1340 1852 2374 
44 292 364 509 288 638 752 1075 407 765 1007 1360 654 1116 1367 1917 
8 19 101 302 153 306 523 862 307 589 986 1449 343 750 1165 1708 
117 208 434 539 310 413 667 828 330 589 929 1101 334 689 1237 1422 
107 142 356 608 284 412 760 1087 506 692 1239 1568 690 1094 1723 2097 
53 105 256 502 117 348 545 875 196 560 853 1267 425 837 1227 1721 
83 138 214 219 231 496 652 771 244 533 805 1121 486 973 1487 1842 
251 388 417 476 311 523 696 895 519 971 1368 1748 551 1068 1470 1966 
120 201 322 334 156 438 685 746 381 905 1398 1670 565 1321 2064 2515 
114 137 376 550 213 363 660 885 324 500 1030 1398 415 829 1362 1941 
64 188 411 511 134 351 723 862 213 569 1192 1339 328 929 1739 2115 
13 183 331 443 54 430 741 1005 287 803 1154 1486 410 969 1344 1863 
168 415 446 684 253 680 732 1134 316 759 983 1563 322 869 1245 1844 
18 62 193 253 268 350 693 980 447 781 1164 1497 487 885 1501 2042 
55 63 253 393 243 462 701 1092 471 911 1323 1948 540 1049 1714 2427 
113 241 389 497 279 511 738 935 380 731 1093 1431 563 1026 1481 2058 
120 147 270 322 358 557 727 989 496 916 1274 1743 530 1135 1532 2149 
57 244 244 468 93 359 416 777 292 751 830 1317 341 915 1103 1760 
142 375 597 721 291 538 839 994 526 784 1324 1492 723 1003 1704 2126 
210 371 593 839 451 636 985 1415 668 1002 1405 1845 676 1174 1757 2347 
141 288 306 340 302 546 630 804 411 704 941 1165 482 834 1119 1368 
220 235 250 455 259 416 564 769 294 639 797 1045 390 926 1277 1762 
82 294 309 552 135 428 570 975 265 582 936 1543 348 670 1251 1906 
20 263 516 575 149 523 835 1059 212 655 1175 1558 216 805 1465 1934 
102 257 330 485 339 694 829 1095 564 937 1129 1447 587 989 1281 1642 
16 114 216 361 245 504 660 841 476 742 1093 1509 629 974 1391 2062 
234 373 527 742 318 673 898 1166 553 1036 1366 1636 710 1399 1775 2218 
48 196 259 280 102 367 487 537 226 743 871 942 301 892 1040 1164 
214 389 402 444 349 608 716 872 561 1020 1245 1515 711 1333 1589 2057 
55 149 368 477 267 381 738 927 283 544 1003 1283 504 887 1491 1950 
41 199 420 597 283 501 757 1132 288 658 970 1500 347 805 1215 1860 
182 243 467 605 264 432 875 1111 518 751 1384 1839 705 1017 1793 2477 
237 345 495 718 406 699 1014 1411 488 1003 1391 1929 542 1228 1616 2390 
233 458 577 636 309 616 892 1025 456 854 1167 1378 626 1204 1568 1930 
33 234 352 554 164 393 631 1046 414 836 1172 1635 523 1044 1408 1957 
68 215 360 504 297 490 853 1117 435 883 1445 1761 615 1313 2079 2608 
196 262 421 492 290 379 566 725 506 721 1044 1272 731 1111 1589 1854 
56 100 281 311 147 334 665 924 290 570 926 1252 378 887 1267 1621 
40 223 322 456 246 556 878 1178 499 912 1470 1993 511 1059 1621 2213 
180 366 465 480 253 688 1031 1262 340 788 1158 1564 583 1082 1655 2088 
234 280 441 625 407 581 837 1191 639 888 1281 1879 849 1240 1690 2422 
72 228 377 522 222 515 770 1152 373 799 1210 1730 558 1087 1663 2346 
149 219 311 377 348 605 933 1174 354 729 1220 1677 358 954 1540 2073 
121 365 586 601 247 562 1035 1071 452 919 1551 1721 707 1242 1915 2233 
138 271 485 566 202 530 744 895 259 751 996 1208 388 1006 1388 1850 
114 216 226 466 288 396 411 774 447 719 735 1256 679 993 1060 1696 
176 185 381 621 380 586 837 1082 485 777 1094 1573 697 1192 1737 2286 
50 288 343 567 295 593 739 1111 520 910 1106 1679 654 1145 1401 2028 
111 112 151 210 309 404 508 614 489 715 844 1086 568 1047 1382 1753 
236 241 338 563 302 495 709 969 326 686 1136 1554 339 740 1403 1945 
42 294 477 717 132 632 846 1100 256 812 1176 1633 309 965 1405 1895 
106 279 281 453 211 503 712 1013 242 721 961 1306 470 1193 1601 1960 
240 335 589 663 328 452 794 1080 413 775 1276 1701 496 1093 1766 2380 
152 327 432 433 190 421 656 726 433 825 1173 1459 583 1000 1578 1998 
121 350 559 768 123 393 767 1064 147 485 1086 1490 194 675 1316 1919 
62 207 407 508 263 482 852 1141 498 745 1263 1681 551 921 1447 2039 
96 313 440 538 98 351 664 788 202 612 1058 1333 247 830 1370 1752 
62 100 308 315 174 335 739 838 325 574 1199 1502 536 1014 1762 2116 
190 440 590 783 221 551 920 1248 459 886 1286 1641 473 1025 1559 1991 
164 251 335 355 374 485 681 806 487 676 925 1118 538 903 1272 1707 
171 185 364 566 265 421 681 959 504 772 1135 1667 742 1248 1686 2364 
69 228 394 417 253 435 729 793 354 717 1120 1336 456 1048 1589 1822 
243 304 523 605 447 552 929 1198 604 715 1277 1685 848 963 1554 2019 
164 359 439 531 382 785 998 1153 515 1160 1589 1979 731 1474 2155 2748 
160 375 404 512 164 567 635 904 358 986 1098 1549 587 1288 1639 2227 
12 75 304 535 27 196 463 842 120 543 938 1370 217 764 1159 1592 
84 114 223 311 302 480 838 1082 419 634 1074 1409 529 809 1477 1934 
128 330 427 570 180 518 650 938 314 815 1145 1664 346 1046 1608 2243 
229 314 518 709 463 745 1040 1326 697 1152 1633 2007 935 1549 2240 2724 
105 157 410 567 293 377 677 900 489 818 1160 1611 677 1024 1454 2066 
104 140 236 318 337 560 833 1126 441 772 1088 1467 452 1036 1548 2043 
49 242 259 496 275 532 597 1000 329 676 879 1524 437 1010 1361 2218 
6 250 288 527 182 642 874 1137 250 947 1290 1632 484 1232 1770 2140 
245 457 466 681 266 535 669 959 413 689 884 1174 646 1131 1538 2067 
198 449 671 789 409 820 1184 1325 550 1214 1680 1940 599 1304 1917 2215 
253 410 663 681 467 746 1092 1216 596 1030 1482 1712 704 1200 1741 2021 
57 112 280 292 272 382 585 697 324 571 993 1206 502 860 1421 1810 
12 148 342 568 14 182 452 809 201 551 1058 1454 446 866 1463 1905 
125 127 186 270 182 278 521 715 414 658 1112 1460 417 756 1284 1647 
231 244 485 719 276 351 701 1167 520 686 1051 1750 681 952 1341 2071 
108 191 306 471 285 412 546 864 477 835 1021 1534 547 1031 1427 1985 
139 334 357 541 140 468 651 1081 364 868 1274 1833 389 1140 1706 2398 
74 94 137 389 138 220 412 664 175 458 845 1204 247 679 1219 1789 
88 264 404 494 141 361 581 692 361 628 999 1356 400 722 1216 1686 
75 241 350 489 304 473 721 870 508 755 1121 1290 735 997 1595 1824 
191 307 457 702 351 697 857 1227 372 879 1154 1584 589 1334 1783 2249 
149 176 352 474 179 265 573 930 317 653 1216 1682 326 893 1625 2292 
91 154 344 596 128 391 702 1013 234 733 1163 1541 452 988 1521 2010 
65 88 321 416 148 281 588 904 252 459 840 1270 301 752 1192 1763 
51 300 437 526 244 495 780 912 482 744 1139 1471 531 1007 1458 1904 
237 270 479 543 380 441 679 991 482 647 991 1454 574 904 1284 1890 
158 331 563 658 333 630 1001 1253 469 1015 1488 1925 676 1380 1896 2522 
191 443 696 775 215 494 818 1023 346 802 1148 1576 432 946 1402 2074 
232 319 402 553 443 752 888 1130 659 1123 1279 1688 716 1243 1499 2156 
60 158 229 313 185 425 707 791 248 721 1226 1459 283 833 1475 1719 
164 385 548 668 351 788 1162 1429 466 1135 1568 2007 505 1333 1930 2468 
1 237 421 547 123 498 808 1120 239 707 1096 1559 410 1095 1647 2189 
182 252 451 564 212 437 641 899 343 632 897 1325 566 1080 1359 2012 
205 403 498 570 286 706 803 1072 345 846 1035 1534 387 1143 1386 2109 
69 322 404 503 221 561 887 1013 372 761 1285 1529 391 992 1603 2071 
154 337 377 612 303 528 744 1187 427 664 1063 1672 439 913 1447 2137 
234 451 632 763 282 668 1007 1337 501 987 1387 1955 557 1192 1798 2576 
76 323 512 737 109 465 831 1213 231 691 1125 1641 316 979 1628 2208 
164 304 499 711 218 455 805 1034 416 869 1474 1957 525 1183 1997 2665 
196 338 492 722 448 666 951 1299 628 1045 1582 1940 774 1402 2013 2425 
96 109 119 269 206 384 561 763 332 676 904 1341 447 795 1188 1681 
146 209 239 381 285 509 543 749 390 614 722 1179 602 974 1132 1641 
161 221 423 438 387 560 830 941 410 702 1047 1296 533 1065 1604 1866 
48 272 428 615 178 562 969 1391 339 792 1429 1968 556 1033 1839 2500 
85 200 338 393 313 634 923 1229 382 929 1351 1849 593 1212 1839 2340 
40 145 335 505 50 341 680 1021 305 720 1091 1649 453 1069 1523 2314 
60 281 313 345 231 635 694 966 385 949 1184 1565 617 1307 1654 2052 
231 277 464 705 463 590 933 1406 668 983 1519 2089 801 1136 1747 2510 
242 349 574 731 277 636 1003 1349 434 855 1264 1743 622 1197 1756 2399 
200 282 431 608 363 495 797 1086 601 823 1334 1739 711 961 1525 2026 
136 159 413 584 155 318 676 1023 357 666 1078 1560 401 914 1369 2095 
30 222 387 580 272 526 740 1158 424 681 980 1405 455 850 1252 1844 
161 262 344 525 402 689 872 1241 478 920 1170 1659 582 1134 1493 2116 
46 64 136 169 127 266 340 606 251 477 791 1213 476 790 1171 1724 
189 339 395 570 269 576 739 1071 326 807 991 1484 354 965 1188 1755 
149 260 367 597 382 602 916 1247 578 990 1305 1802 602 1083 1439 2149 
219 316 448 491 473 809 1141 1239 630 1188 1736 2019 726 1284 1836 2364 
111 222 441 529 332 614 1023 1272 439 912 1392 1772 443 1028 1596 2199 
209 430 441 649 413 845 863 1177 590 1246 1299 1631 814 1509 1569 1980 
151 378 546 662 293 622 811 1176 330 752 1065 1472 535 1169 1491 2057 
177 197 308 434 409 547 890 1169 495 644 1158 1491 546 874 1522 2057 
150 196 258 294 298 427 518 739 474 756 1074 1421 583 1102 1449 1827 
1 141 298 531 3 276 564 886 147 466 897 1414 372 712 1284 1920 
67 270 425 640 98 485 785 1207 179 682 1059 1672 276 885 1484 2196 
246 369 445 694 246 576 734 1127 500 1055 1297 1913 747 1527 1856 2530 
173 415 433 637 344 749 922 1378 367 1005 1365 1942 450 1241 1821 2472 
20 60 127 147 268 457 689 955 386 824 1269 1644 604 1086 1699 2209 
31 217 300 502 124 549 830 1148 340 895 1413 1774 367 1123 1758 2167 
242 426 494 728 319 736 1028 1458 545 1143 1484 2103 771 1586 1995 2615 
147 299 502 742 282 579 883 1218 301 680 1122 1504 329 708 1245 1641 
184 347 595 601 325 704 1154 1271 466 1096 1590 1818 679 1422 2028 2360 
9 68 157 301 214 463 791 1159 230 600 943 1355 351 831 1232 1694 
18 68 124 283 28 80 150 461 281 392 469 990 453 684 820 1522 
179 327 396 524 261 461 627 853 434 746 1055 1320 657 1170 1568 2074 
252 397 541 547 399 702 1004 1154 616 1085 1486 1769 646 1273 1732 2224 
50 177 259 391 229 535 847 1076 264 687 1135 1366 327 975 1666 1956 
114 245 310 315 148 503 717 973 282 885 1228 1648 432 1222 1682 2302 
59 258 334 572 181 431 586 982 349 814 1129 1756 533 1146 1495 2164 
23 123 170 227 91 388 488 747 280 759 969 1312 393 1099 1337 1852 
171 276 431 468 327 666 1016 1121 521 960 1354 1581 769 1286 1845 2087 
178 390 463 709 331 669 934 1267 383 767 1203 1701 401 984 1502 2189 
48 285 511 715 263 666 909 1266 273 737 1000 1359 412 1061 1341 1762 
141 231 283 322 357 692 870 921 392 768 1124 1228 632 1012 1610 1747 
241 454 691 891 364 831 1166 1499 423 1008 1478 2010 470 1207 1682 2402 
243 300 527 730 289 443 886 1171 427 719 1297 1705 569 983 1717 2252 
79 216 287 489 215 521 671 1068 246 766 1054 1529 356 1019 1318 1890 
201 439 484 731 281 524 642 1107 424 876 1079 1573 499 1192 1551 2199 
123 350 450 453 264 670 968 1143 401 888 1437 1859 625 1118 1756 2347 
244 378 539 607 383 751 943 1037 570 1054 1301 1401 672 1367 1774 2099 
182 186 414 481 365 539 1007 1138 616 1025 1549 1900 857 1411 2068 2648 
23 61 103 265 40 151 381 747 229 583 1024 1425 427 896 1341 1866 
23 61 103 265 40 151 381 747 229 583 1024 1425 427 896 1341 1866 
